75001,235938,242326,254951,270289,288902,312206,335876
75002,182839,190197,205348,226591,253188,275826,295451
75006,142795,143521,152797,162715,181163,197810,215863
75007,166264,169592,180981,194810,215932,240566,261569
75009,233965,239972,257705,280657,311090,344498,368064
75010,220658,224976,240178,258268,283159,309602,330743
75013,302806,313909,337594,366236,397884,422576,437708
75019,282033,288944,312122,334806,361495,387863,410613
75020,79876,80123,81188,84860,92660,102050,115367
75021,75411,76415,78304,82250,90581,101496,113804
75022,324914,332973,356551,380864,407197,430262,446713
75023,169730,175740,189423,207707,233530,258074,280802
75024,279256,289912,309484,337635,373155,403165,422584
75025,238839,247135,266406,289657,321027,350180,372598
75028,227962,234659,252173,272013,296051,318523,336000
75032,239477,235078,247295,263767,283569,308497,324173
75033,270555,282461,303184,330411,365870,392904,409663
75034,333557,345935,371952,401846,439629,470341,492124
75035,245793,254920,277336,307201,343739,374348,393370
75038,192360,195701,206406,220509,236162,254828,280521
75039,348197,350083,371476,394358,419425,437019,451476
75040,110311,110128,117508,125178,139781,155984,172883
75041,76466,77450,82501,88071,105067,128983,142677
75042,91129,91976,97910,106286,126839,143039,160939
75043,109452,110639,116701,124501,136039,159786,177673
75044,146410,146431,154381,163664,180844,199445,220371
75048,182211,184668,198897,215311,237784,259682,279944
75050,98177,98466,105156,111920,121737,135946,149876
75051,69795,69933,74381,79532,95928,118076,131351
75052,122293,124496,133586,143056,156339,172425,191788
75054,240048,244231,260671,276643,293577,316767,336139
75056,191901,196889,210542,229031,254215,281302,303430
75057,118022,119036,126838,134871,147717,165671,188642
75058,211704,216362,232133,249242,273371,299999,338966
75060,100455,101113,107168,114110,130882,144865,159691
75061,97526,97761,103551,109705,125278,148689,164604
75062,98237,97282,103530,114906,132700,158257,177175
75063,292884,294706,313518,334619,358428,379173,400947
75065,152954,155259,167215,179697,196203,216063,235124
75067,150458,153548,164471,177067,194802,214540,234286
75068,168458,174368,190560,207702,230873,252629,270875
75069,174416,180249,194708,212473,236001,261349,282884
75070,204323,211246,230396,255438,283670,307951,325461
75071,205833,214665,234249,256990,285275,311513,330412
75074,151991,154491,165188,181377,203184,225883,247242
75075,182418,188300,204800,224935,253317,278336,304722
75076,131606,132649,136026,140453,152669,161874,173989
75077,208329,214013,229270,247069,267980,289011,309076
75078,301731,314394,340334,374019,411122,439105,456496
75080,181969,186075,201169,213591,238115,261565,284712
75081,156835,158638,168742,180529,202884,227043,251610
75082,247412,252392,266108,286282,311881,337256,357680
75087,197025,203880,216333,230201,247769,272556,287244
75088,146500,147424,157989,169086,184084,204504,226763
75089,155955,159457,172444,184458,201872,225377,248352
75090,68743,68343,69949,75151,80980,86039,95196
75092,114330,116417,123741,128366,142349,155650,169774
75093,336887,347704,369423,396721,429930,456231,478344
75094,252496,259087,275773,301684,331650,358529,376808
75098,165002,169653,183902,200875,223337,246565,268305
75101,66252,66017,67091,70806,79404,80648,85902
75102,90263,89764,93020,99770,103635,108581,115313
75103,124176,126661,132458,141439,149330,156134,165957
75104,122410,122428,129789,139598,151521,165342,183091
75105,84733,84156,87444,97487,105757,115046,127767
75109,149198,152976,160808,173043,181580,190309,199559
75110,67709,67469,70477,75351,79801,84374,89434
75114,121632,124665,130979,137590,148681,164027,182737
75115,130124,129516,139302,149251,160756,174108,191350
75116,81889,82491,89096,96364,111738,129971,146684
75117,104572,107079,111233,118405,124616,130805,137824
75119,93636,93433,94925,98412,105269,117043,131702
75124,113137,114566,120523,127131,133423,137707,145256
75125,79343,82134,83289,89101,96704,104039,124760
75126,156181,156558,163648,176329,190762,209740,230422
75127,85816,89629,94420,100009,105848,109832,116297
75132,159688,160260,166917,177481,182819,202667,218300
75134,80091,79584,85874,97637,112021,130859,146834
75135,132496,134023,142305,152551,161504,172428,198170
75137,98990,97323,102076,109536,126694,145662,161796
75140,86785,90369,94041,99394,104356,109227,115039
75141,48349,46148,50444,56160,68852,87326,105913
75142,108860,107297,112247,120627,127817,141430,157997
75143,112151,112194,115114,121631,128871,132426,140081
75144,63913,62591,65461,71440,74810,79335,83331
75146,101773,100905,108622,121324,133213,146511,160797
75147,112936,115215,117309,124557,132308,139783,147538
75148,96855,97852,102359,108673,114086,117077,121019
75149,69963,69352,73721,78774,95619,119566,135506
75150,73224,75054,80449,90528,107996,132447,149810
75152,112055,115128,118118,122281,131392,146418,160564
75153,66361,68363,71011,77524,80431,82949,86102
75154,138071,138423,146226,155870,166930,187607,206250
75155,80537,79296,82139,87241,90209,95572,99537
75156,128481,129912,135783,144489,151845,158994,173012
75158,135922,131323,132502,143774,155491,163490,187108
75159,101165,100717,106072,114990,125118,136027,151348
75160,96502,96919,102104,108723,118679,129948,146410
75161,116371,114344,117776,126243,135600,144741,163232
75163,133020,133733,141150,150059,156519,164723,175691
75164,129486,131348,129312,132803,144148,173739,202612
75165,133461,133904,140797,148018,157344,175643,191476
75166,168206,170286,182872,197227,215549,234079,249559
75167,192239,196555,204732,216613,229172,251763,273962
75169,99343,100739,105132,112462,118196,123063,131842
75172,47507,50736,55145,61588,67559,83108,94134
75173,144588,149409,159377,173450,185639,206509,224444
75180,67624,64896,67276,70591,77583,97681,121285
75181,131772,133575,143742,153162,165268,180919,200824
75182,298716,300935,324020,343041,366159,393013,414250
75189,147228,150817,162150,174619,187413,206440,224643
75201,516090,517868,563555,616896,673619,718503,754106
75202,161598,166810,177450,187203,205958,232282,249121
75203,54874,53725,54448,60385,67201,80708,92236
75204,234585,240247,259347,279232,310131,338074,364973
75205,790638,820552,895636,976134,1061107,1126599,1170879
75206,250090,251682,274465,298399,336056,365913,390981
75207,126543,137565,173272,177615,191392,233485,272846
75208,70522,79171,96502,118933,152360,199277,241649
75209,367239,372632,406203,435535,480942,527635,563951
75211,66930,64739,68755,74013,89710,110475,127996
75214,331507,339237,369891,402935,439180,471353,495177
75215,34982,41431,48231,50876,50037,54756,61140
75216,46034,46009,48458,50198,54325,59645,70978
75217,51364,50519,52887,56437,68011,86136,102595
75218,202839,206244,220888,243099,288565,317095,342091
75219,195174,197652,212048,224889,247008,269067,288646
75220,165163,167779,178744,190937,217495,244125,268944
75223,72047,69296,71057,77950,98607,128012,162043
75224,56110,56243,58355,63438,77413,98080,124595
75225,768421,796503,876842,957841,1044258,1111585,1158520
75226,75170,80353,91550,106397,129362,152774,183731
75227,61522,59245,64146,68919,83042,108271,125553
75228,85982,86386,90950,97230,114948,142378,160984
75229,278573,278485,301178,326261,362971,395972,421003
75230,384571,391039,426071,466091,510794,544893,579839
75231,85538,84831,92640,100773,113145,126932,143658
75232,61064,60014,64281,69898,84326,102955,127054
75233,77590,77849,84397,92849,110345,135272,164100
75234,117486,118108,125207,131613,151878,182454,202266
75235,63884,62317,65788,80142,103902,126085,142633
75236,95131,95847,100562,112143,124256,135590,153513
75237,92216,89998,97422,109521,122531,136851,154719
75238,234943,237957,259288,282411,331706,360347,378725
75240,157906,159912,171003,184546,201854,221179,245161
75241,58562,56687,59753,64334,74068,87442,106694
75243,108290,109759,117181,124548,137262,153531,173607
75244,277506,284963,312767,340486,378358,409885,436041
75246,81992,89446,102072,120915,151691,181033,210589
75247,45569,53208,61293,73418,81788,93878,112674
75248,246649,254017,274736,303357,334388,365549,391263
75249,116329,115298,120319,130955,141886,154421,171816
75252,273618,280070,296148,322155,354910,379586,399632
75253,83866,82582,84348,91466,101879,122944,140560
75254,127952,125751,133800,141561,153915,166806,185972
75287,212928,216794,230673,249479,272378,296654,318879
75401,34587,35119,37511,40488,42563,44974,50009
75402,109141,110711,117297,124726,131389,141290,156993
75407,126222,131769,144784,160348,176119,194890,213558
75409,134308,141368,153946,168625,185269,203418,220821
75410,112571,115050,120189,130787,139263,147797,161178
75411,79716,82829,87629,93270,97189,101111,112776
75412,59671,59091,61114,64809,68546,73948,81679
75413,55417,56812,60060,62548,64279,65324,68154
75414,101416,101831,106983,112789,120961,136560,161540
75415,81899,78727,81494,84999,87737,91744,98768
75416,78119,79532,82810,89458,94165,98065,104567
75417,53290,54162,57612,61074,67566,69684,76543
75418,74370,74784,77938,82353,87180,91940,97627
75420,104658,108223,106813,122030,127529,132268,127101
75421,82555,82896,88367,93671,94697,102334,109600
75422,89714,91409,97926,104966,110188,118375,132557
75423,81059,82262,87815,94940,101927,112051,123733
75424,151819,149943,159801,167628,182322,209106,233513
75426,31530,31801,32718,35270,37540,39958,42769
75428,58607,59165,62617,66580,69605,73529,83524
75431,69403,70584,75741,84551,89300,94650,102458
75432,50548,50247,52493,56340,60040,64925,69007
75433,87161,90673,96200,106481,112313,118059,124102
75435,57710,58752,60657,64813,68105,67628,71932
75436,66240,67721,69290,72742,77908,82303,90041
75438,100338,101969,107778,116832,125008,132493,140777
75439,76333,77670,82717,86470,91162,95404,99940
75440,125205,126882,132345,141898,144412,152059,163756
75441,44029,42101,44070,46216,46258,48790,49801
75442,124788,127842,138901,150858,165013,189636,213216
75443,64540,65239,67103,70804,77416,84889,92360
75446,72669,73116,75938,81243,85959,90349,94352
75447,114111,114430,119855,128668,137894,147018,156749
75448,59338,57574,60084,64979,69305,75200,81313
75449,51981,51325,52945,57187,60707,62404,65748
75450,99601,103209,110952,118307,121670,129397,140578
75451,81811,83096,87086,86607,94441,100069,108115
75452,103126,104510,108202,115631,122750,129583,137589
75453,90262,91455,95990,102245,108421,113179,123959
75454,186605,191800,206338,225633,248121,270221,287313
75455,91767,92781,97129,103263,108106,112889,118280
75456,97335,98609,105168,113076,119167,119869,128296
75457,113139,113921,118239,124623,133260,138865,147466
75459,110800,112311,120192,129576,144176,155884,175976
75460,44124,44880,47104,50363,52980,55706,58782
75462,109490,111048,115911,124034,131402,139769,150189
75468,110767,111032,115038,125394,132643,132699,137064
75469,49953,48766,48794,53314,58778,64011,71684
75470,58022,61817,67883,72022,69026,68023,69113
75471,85046,88939,92158,93418,107919,119445,131195
75472,79988,79959,82115,87268,89200,94958,102455
75473,102823,104038,110088,117834,123148,133212,146910
75474,79380,80111,84243,89616,93515,98122,111317
75475,42131,42568,44038,46503,49030,50395,52616
75476,121844,121690,129105,137489,147502,156691,166112
75477,57528,58631,63404,67042,65819,67797,71502
75478,90181,90705,95824,101803,107827,117762,123366
75479,91080,90783,94332,99759,106096,110815,116257
75480,222156,226460,236279,251562,270777,282397,300659
75486,118550,118783,123934,132692,135028,141739,150920
75487,66820,65246,65511,70329,71689,77589,82878
75488,103402,103253,108045,114629,122275,132002,140370
75489,75170,76586,83841,92694,97896,110476,133726
75490,130444,132230,139362,149444,159676,170313,181636
75491,111563,111850,118285,126424,135507,147431,169678
75492,68624,69190,72268,77687,80823,85169,89093
75493,55809,57528,58864,59728,62142,64883,66461
75494,85089,87094,92466,99713,105958,112351,120053
75495,147526,148946,157331,171772,191941,208922,231607
75496,63971,64593,68032,72617,78144,85412,94230
75497,140410,144070,155433,170796,182979,194991,212565
75501,68079,70883,75059,78658,82522,86378,89510
75503,131210,135778,142981,150048,157623,164595,172341
75550,46023,45005,47082,50512,53712,59257,62697
75551,79542,81688,85506,89915,95204,98367,101282
75554,58147,58240,61988,66372,70977,76628,81434
75555,89765,94167,101586,107556,111658,117801,121938
75556,74362,75183,78256,80382,85930,91253,94113
75558,113185,114485,121297,130861,139880,147191,153774
75559,70251,72731,77604,82244,85775,90112,96479
75560,65426,66454,68370,70825,74633,77792,81567
75561,67313,69426,74094,76670,82433,86640,91701
75562,57213,60004,63613,67800,68402,69838,74499
75563,63277,63450,67830,71612,75749,79315,82679
75565,68155,71259,75219,80060,82709,85819,88288
75566,63672,64793,66697,71391,75956,79540,80877
75567,79986,82940,86775,88954,97797,103104,106129
75568,60974,62543,65014,68829,73099,77685,81815
75569,78702,81969,86521,91517,94809,100188,104375
75570,71745,73337,77062,80271,84463,88914,94574
75571,67448,68548,71826,76044,80448,84201,89124
75572,76151,79251,83773,86561,90529,92325,94069
75573,66063,67615,70302,74496,84236,90976,94196
75574,78032,80832,84376,89485,96249,101374,106879
75599,86380,90626,89817,86232,90438,87945,92982
75601,97091,98880,103453,110016,116806,123280,128106
75602,58018,58742,61181,64446,68457,71909,73697
75603,111228,113978,120379,129154,138571,147779,155924
75604,119673,122026,127612,136029,144590,152826,158721
75605,143676,146448,153214,163137,172961,182057,190350
75630,88606,89639,94730,100512,105874,110943,115221
75631,101163,101751,108338,117012,128041,133695,139250
75633,99796,101446,107120,114280,122226,129611,136259
75638,64588,65535,68507,73046,77084,81109,85135
75639,90552,91587,95487,101275,108737,115588,120917
75640,143448,147380,156983,167252,176561,185375,192414
75642,82363,82883,84704,90316,97133,103989,108481
75643,94951,96058,99299,106134,112369,118747,125256
75644,105133,106303,112280,119741,126062,131693,138828
75645,149097,152340,161023,169247,181046,189333,199242
75647,92581,94230,98775,105485,112263,117880,122679
75650,140100,144686,152199,162145,172609,182436,189941
75651,91994,93183,98307,106103,111593,114756,117162
75652,83641,85113,88764,94867,102048,109481,114932
75654,99718,102177,106349,113117,120745,129628,136347
75656,68323,70033,74222,78264,82372,86783,90875
75657,91087,93747,98584,104972,111582,117332,122458
75658,69107,70954,72367,77858,87099,89520,95483
75661,84413,84600,86669,92321,96636,100641,106960
75662,94391,96689,101263,108100,115325,122957,128434
75667,94083,96828,98790,105564,111251,119688,125381
75668,40458,41050,42876,45629,48715,52473,55444
75669,98604,97281,100479,109048,119349,124458,129776
75670,52462,54007,56338,59455,62818,65178,67253
75672,106477,108403,113351,119667,126323,132617,137743
75681,82423,83897,85101,89859,94452,100967,106449
75682,76021,77696,80126,85435,90941,96270,100298
75683,86101,88407,95634,100735,101816,105584,109561
75684,79617,81385,83634,89326,96381,101860,107041
75686,77871,79819,82856,88356,95741,100303,105161
75689,60102,61676,63426,67611,71580,73187,73614
75691,122453,121908,127109,134627,146425,156236,162358
75692,86137,86921,90804,97052,101674,107408,112315
75693,136302,138872,145756,155554,164981,174744,182247
75701,109129,106811,110992,115551,121138,127278,133104
75704,102577,103736,108040,112036,118662,125441,134463
75705,89719,93497,96246,99443,100263,108139,115049
75706,103547,105576,111357,113640,118660,125568,132584
75707,162068,161849,167099,175052,183770,193595,204303
75709,121841,121297,124990,131284,138194,144624,154630
75750,102805,102802,103746,109398,111912,119622,126791
75751,77511,78576,81877,86693,91209,94359,100306
75752,115226,117251,122348,128678,136172,140360,144093
75754,116030,121133,125822,134985,144827,150206,160236
75755,108475,108522,114012,120086,123070,129322,136953
75756,105105,107434,113302,120311,127701,132292,139436
75757,172736,174940,180208,188778,199583,209730,216311
75758,117869,121312,127042,135459,144769,151925,159539
75759,45093,42949,42506,44530,47837,51585,54013
75760,84720,84949,89494,94404,100852,106313,111692
75763,101594,103435,108737,114581,121733,125142,131718
75764,54500,55245,55891,59337,62779,66935,70448
75765,97734,99617,105575,113912,120849,127507,135104
75766,77023,77736,80653,85526,91163,95205,99696
75770,95462,98145,102791,109053,116163,124794,129491
75771,137605,140206,145771,154513,163334,172801,174139
75772,57491,58514,60423,64104,70158,72715,77213
75773,96760,99051,104744,112954,120118,127041,135113
75778,93276,94802,99566,105283,111776,116471,121348
75780,59988,57981,59571,65356,68254,71604,74357
75782,88554,92896,98395,104294,110218,118898,116914
75783,89818,91966,96578,104462,111205,118713,127808
75784,85860,87593,89867,97251,104104,110493,117680
75785,72965,73758,76242,81317,87236,92082,96511
75789,116660,117153,118528,124839,131070,139218,145896
75790,98853,99875,104133,112383,118630,122686,126783
75791,128647,130077,132776,139085,146226,153915,155574
75801,73391,73779,76476,80678,85926,89002,91973
75803,81022,82079,85609,90078,95816,100493,104558
75831,100428,100931,106975,116548,123053,128690,133496
75833,111551,111622,115856,125349,135522,145520,150647
75835,64735,66167,69812,75456,80124,84818,89978
75838,110628,109630,116731,125862,132805,138030,146636
75839,80347,82154,86230,89977,95325,99442,102560
75840,90921,91316,93574,100075,107015,111643,117941
75844,74670,76715,80525,85989,92266,98549,105101
75845,76366,81457,86245,90458,94611,98417,103434
75846,106118,107033,113520,122849,132552,142595,154080
75847,79658,81076,86022,92640,101204,111668,118301
75848,84183,84540,87339,93274,102123,101874,106046
75849,61490,62371,65873,69006,70461,75398,80537
75850,99593,101923,106668,115310,129427,139023,147360
75851,79582,82318,87107,94315,101481,110709,118411
75852,146536,144293,150059,166157,181030,187957,196446
75853,93358,96610,104885,110925,117386,124494,131100
75855,100333,97672,102718,109493,114645,117528,124797
75856,126231,129007,133852,144678,153966,163798,174876
75858,75854,75892,79221,84422,94366,101171,104495
75859,177765,179326,186026,198589,212909,223105,237013
75860,71743,71650,73888,79063,84548,87683,92092
75861,81599,83876,89528,94326,100791,108234,114380
75862,74427,75788,78124,81198,86301,91205,97461
75865,108675,107979,121094,135797,134655,128600,140942
75901,76547,78774,82819,88844,95754,102383,109012
75904,81719,84369,88911,95776,103527,110766,117775
75925,70186,71131,74190,78212,81042,84037,89996
75926,86852,91303,98702,104170,109042,113015,121612
75928,49942,54641,55175,58530,60893,64982,71156
75929,69111,70003,72607,76922,81678,93992,103306
75930,57069,58422,60149,60419,63519,67546,72418
75931,98015,99960,105416,114537,124654,135900,142362
75932,93890,92675,95876,102345,109245,117079,124622
75933,59402,61325,63063,67777,72063,75856,83339
75935,76796,78216,80432,84197,89578,93529,97126
75936,68921,69642,72707,77972,83820,87838,96247
75937,90415,91095,95568,102011,109533,110658,118548
75938,74598,75763,80085,85127,91520,95741,100073
75939,72139,68270,68359,72013,77134,77577,80782
75941,68522,71003,74607,80403,86909,92949,98304
75942,56274,57233,60285,64792,70414,71638,75588
75943,138359,140492,146278,155865,168242,178076,192496
75944,84010,85338,88525,93913,100071,100082,103433
75946,96813,98289,104454,111184,118488,122749,128053
75949,80940,84156,88452,94651,102143,109781,118680
75951,65024,66168,69195,74278,78577,82778,86495
75954,72429,75203,78773,83295,88891,93618,97377
75956,70404,71128,74688,80448,85520,90876,95213
75960,70052,67849,70533,75390,80896,85057,87861
75961,86696,88007,92300,98521,103439,107354,112500
75963,137093,139296,147211,156570,164788,172924,179805
75964,84335,85948,89959,95907,101838,106400,110442
75965,140542,143188,149790,159125,169097,177985,187612
75966,70068,68902,69329,73680,79099,84071,91875
75969,86930,90154,95721,103061,113178,122189,130698
75972,64957,66684,69398,73629,77537,85072,91714
75973,90171,94454,99765,104006,112017,121333,123807
75974,76099,77678,81638,87336,93219,97159,100691
75975,78033,81539,85699,89592,98317,102112,105972
75976,56060,55905,58927,61729,64904,68629,73781
75977,64070,63633,63397,67115,73573,77107,85205
75978,66199,67271,71539,77059,82781,84361,90927
75979,62933,63203,66702,71138,76097,79923,85799
75980,60440,63816,66987,72629,79679,86279,93084
76001,141333,143384,151552,161994,176159,194042,212695
76002,138333,140338,149241,160223,175211,192738,212338
76005,283246,283201,290819,305442,326817,349189,380182
76006,178052,178165,187989,196509,206139,224158,245411
76008,253677,257276,269682,287519,305123,331275,347263
76009,102360,99000,104731,121729,128697,146497,161297
76010,83928,83584,84672,89965,97785,112436,130006
76011,89863,89683,95048,100983,108086,119321,133292
76012,146459,149081,157319,166186,177246,194415,214187
76013,130182,130498,137644,146071,157587,172867,190443
76014,87215,87789,92100,101197,113554,128698,146709
76015,108555,107769,112743,120621,132164,146672,165236
76016,147842,150372,159254,168096,180030,196925,216074
76017,129339,131198,138864,147337,160231,176369,193251
76018,108744,109418,115089,124830,136836,152760,170172
76020,127948,130441,136020,144949,154538,169844,186714
76021,169454,172969,181594,191041,206664,229208,250538
76022,122193,125148,130823,139016,151503,167291,186024
76023,134505,135028,139139,146784,154117,161339,182122
76028,137871,139522,146686,159837,171410,187669,207554
76031,79292,78213,81800,87172,92377,106410,121065
76033,105970,103051,104491,112893,121658,136078,148706
76034,401634,409697,430759,459030,489889,521539,548695
76035,207064,210945,223834,239011,252034,268633,285173
76036,132467,133046,139154,149177,159219,172333,189466
76039,148272,150451,159108,169503,183580,203379,226794
76040,140688,143089,150312,158835,172750,191957,214117
76041,60483,58869,71699,78082,82394,86211,96714
76043,156591,159024,166494,178165,190210,199170,210680
76044,136676,138454,155155,175676,191252,218412,245502
76048,137124,139637,146118,154863,151365,159387,172492
76049,188844,192206,200924,212650,208063,219817,240452
76050,129761,130914,137615,153661,165085,191587,208986
76051,226748,231660,248983,267062,289375,316765,340441
76052,180750,183443,193530,207645,225724,244711,263437
76053,112749,115155,122310,130231,142007,160455,179972
76054,178869,182103,192560,204205,222890,243427,268279
76055,64987,64950,67645,71174,75170,79979,86294
76058,121775,122028,128776,141418,150896,168519,189578
76059,80928,83598,88498,97916,102937,120426,136920
76060,173439,175639,185583,196747,211583,231394,249797
76063,179987,183459,194453,207313,222607,243542,264909
76064,117644,118881,126986,132371,144642,170180,184327
76065,184183,186888,197338,209207,222235,247432,266924
76067,64735,65743,68797,73362,77363,80092,84914
76070,227478,233455,243390,259885,279693,293280,312989
76071,152852,156260,162763,172958,183998,195024,203095
76073,179013,181434,188262,200126,211975,224372,249712
76077,181165,184471,191582,205491,221136,228486,241747
76078,148357,148804,154062,162849,173746,185153,202772
76082,130829,136163,145173,157188,166043,182320,202620
76084,104085,102168,109788,123973,135697,155522,174530
76085,166284,170684,181407,195250,207869,226738,243754
76086,100154,103301,108950,116462,124941,137416,151080
76087,189679,191230,203651,217188,231874,253855,269557
76088,162935,166791,182998,192385,205613,233661,250394
76092,502989,517625,550527,589760,634397,683798,723927
76093,111789,104726,108687,119355,131503,148509,158861
76102,167290,168111,162084,179398,194102,197379,219053
76103,71249,73792,75445,81426,89969,102293,117018
76104,59786,62003,59041,58951,65684,77901,92974
76106,62867,59227,63788,69178,75234,84910,100976
76107,171388,175803,188999,205761,224956,246189,265168
76108,108283,107750,113732,122907,134396,148028,165310
76109,287983,301657,326895,351467,375637,401517,428442
76110,82380,83367,86558,93362,103408,115807,134170
76111,72941,73426,75634,81169,88937,100207,115957
76112,85809,85518,88821,95851,105820,120813,136814
76114,78469,76974,80693,86048,93964,105770,123405
76115,68140,66265,67732,68978,75547,84949,100640
76116,121506,122709,129080,137926,149712,165940,183169
76117,80636,79157,83196,87704,96233,110552,129896
76118,122801,122746,130805,140850,152594,169805,191286
76119,58973,62595,65602,67731,71811,81608,93681
76120,124775,125371,131645,139541,151322,166383,182480
76123,124908,123690,129676,138757,149764,163684,181631
76126,156867,158302,166400,175407,190107,206331,224210
76131,138660,140398,148641,159229,173638,191165,210189
76132,224431,227221,237827,248266,262420,281298,299374
76133,98151,97274,102747,111415,122710,135859,154217
76134,87118,87773,92052,99084,109919,126060,143871
76135,107752,109582,116802,124704,135977,150135,167603
76137,127396,128921,136288,146261,159295,178525,197917
76140,88135,87634,91113,99738,110654,124105,140819
76148,100239,99774,104483,112438,124933,139936,157653
76155,167877,165146,177201,184796,198712,213412,230648
76164,59685,58891,62680,68689,70066,76785,92522
76177,173130,176826,186640,202180,220954,240358,259697
76179,134960,136583,145093,154930,167606,183776,201683
76180,128055,129538,137542,145629,159639,178581,198628
76182,167610,170916,180925,192612,209506,231684,254347
76201,106041,109819,117603,127588,140623,159702,176320
76205,144282,148664,158201,168245,181759,201926,219100
76207,176082,179325,189309,201211,217859,236456,253542
76208,187622,193171,206536,219542,236563,255594,271212
76209,113313,116323,125347,134379,146898,164573,182640
76210,163757,168476,179749,192493,209862,228365,246445
76225,121715,123711,130008,137544,144839,151891,159637
76226,284783,290957,309890,329851,347912,366267,382370
76227,150293,154740,170038,186840,204557,224401,243312
76228,71935,70719,72387,75639,79151,83195,88120
76230,80669,81551,85342,91131,96632,101372,106626
76233,119069,119761,124920,133232,146967,161026,177620
76234,168943,170690,177228,187461,198705,210555,226672
76238,150280,155276,164509,174097,182998,190949,204444
76239,171939,174120,183499,194715,206423,219621,232330
76240,101332,102925,107710,113803,120658,127391,135201
76244,166884,170136,180701,194082,211797,232824,252174
76245,65911,66850,69760,72916,79197,87466,93729
76247,143441,145448,155369,167232,182035,199074,216944
76248,262161,267724,282785,302767,327139,354878,378122
76249,128054,132162,138692,148579,162778,178584,194283
76250,162397,165176,173252,185364,199499,210692,224626
76251,115011,113451,120475,129140,134888,139194,144609
76252,125589,128566,135802,145083,152801,161136,174707
76253,65131,63083,66326,68227,69139,74290,79364
76255,68811,69136,72562,76889,80318,83969,87273
76258,127440,129940,138916,151047,163325,182179,201979
76259,149278,152405,159556,168469,180838,197472,213806
76261,59618,63744,65837,69594,75963,82532,85229
76262,257502,264749,284030,308134,335524,359439,380167
76263,171289,174265,187072,186658,195206,195804,208445
76264,139621,141159,147191,156653,170835,189198,205692
76265,69753,69473,73067,77991,82220,85814,89736
76266,130839,133549,142273,152607,164937,180583,198756
76268,59419,59009,62223,67334,74383,81580,95555
76270,173292,176043,184478,197257,212902,224183,235521
76271,116240,113467,116380,128054,145120,162876,180752
76272,171783,174495,183219,199340,214054,227918,247415
76273,110683,113091,120296,126559,139316,150438,164977
76301,41819,39949,41690,42156,42223,41033,42027
76302,101977,97944,99044,103285,103790,106894,110727
76305,102404,102080,105226,109716,112898,117806,124697
76306,66285,63604,63643,64831,65607,66639,68511
76308,117300,119519,120702,124190,126719,131170,135697
76309,67728,65376,65081,66189,67796,68204,68710
76310,129442,128766,130117,134380,138503,141933,146808
76351,58300,58662,60894,64179,67598,70253,74660
76354,87446,84761,88177,89420,89472,90608,93033
76357,65470,65918,66713,69200,72288,74744,78978
76360,35804,36449,41062,39333,37720,39550,42444
76364,62021,62768,63545,67172,72795,78135,82567
76365,68261,68800,71373,75495,79500,81906,86188
76366,74979,75798,78151,81899,86989,90445,95860
76367,81408,81464,83686,86555,88756,92995,96272
76369,57962,59021,63240,69019,71740,76607,83023
76370,52486,52465,51564,56099,61135,58389,60089
76372,41753,42039,44318,47987,51127,55242,58287
76373,44323,45841,47480,51520,55980,62322,65962
76374,44209,44768,46721,49932,52827,56984,59677
76377,50496,50559,50718,52756,55155,55280,58507
76379,97149,97251,97494,104185,111014,115017,118293
76384,48951,49944,52312,55644,59003,62355,66111
76389,113164,114180,118027,125481,135641,139471,146313
76401,110781,112681,117766,126605,135881,143686,153252
76424,55649,55954,59401,63235,66988,69662,73934
76426,112353,113648,117311,124155,131249,138149,144155
76427,73437,75643,78629,83575,87673,81998,85593
76429,160814,174955,190422,207951,231601,242291,264220
76431,122304,124369,128809,136243,143112,149177,157128
76432,108180,112386,119803,129983,136990,143832,151769
76433,173159,175964,186581,202065,213013,221750,235224
76435,65564,68627,77027,87336,93870,99539,105353
76437,51380,52740,54578,58922,64700,68255,73343
76442,61586,62214,65282,69239,73454,78586,84625
76443,67788,67675,68744,72547,76148,78269,83844
76444,56968,57237,59241,62603,65366,68644,73901
76445,88272,93549,101756,111257,115864,126886,135975
76446,77881,78691,81587,86437,91014,94709,100157
76448,67940,70980,75176,81964,88176,93216,99509
76449,266922,281256,296963,319956,336945,355459,372193
76450,86693,89231,93998,100658,107319,113025,118875
76453,131677,135058,138224,145456,153897,159774,167831
76454,46813,49127,52008,55594,58875,61522,66759
76455,64342,66081,69353,72044,75837,80710,85939
76457,92805,93676,99078,107660,114715,120781,129437
76458,65733,68187,70648,72480,76610,81397,85462
76460,81740,87333,93436,100212,103180,109675,113211
76462,177197,179473,184662,199562,212010,225199,228730
76463,62111,63729,68345,73264,83458,90001,96409
76466,67873,67020,67831,73699,75309,78569,80686
76470,36436,36497,37727,39615,42774,44210,47163
76471,68069,70176,75169,81153,88703,92413,99742
76472,104768,111398,112275,118070,118641,125796,132772
76474,135872,137178,145511,157363,166261,179837,192320
76475,110701,110093,114371,118374,120090,126670,137144
76476,141053,143733,149922,160958,161963,169964,182327
76484,100622,104763,105297,108991,111899,117377,123334
76486,121567,121413,126593,133265,144144,146326,164817
76487,158504,163871,178177,189652,207875,242476,249528
76491,120971,128738,125180,137793,151146,155806,169577
76501,76360,72964,76007,77115,81339,86503,92763
76502,145392,145387,144261,147027,152536,156385,162573
76504,81031,80583,80067,80866,86293,88451,94285
76511,96741,94786,94633,103894,109115,112685,126603
76513,144654,146058,145653,149527,154338,158659,167325
76518,101892,102538,109096,116731,119286,121907,130133
76519,90654,93592,99190,104650,105151,111877,115321
76520,79757,80458,84355,89850,94225,97903,101936
76522,95019,96364,100573,107107,113903,119507,123921
76523,217372,219033,234762,249811,264097,282880,308183
76524,121079,119039,120411,126409,133195,141713,151943
76525,81029,73301,78905,84379,94391,106524,114391
76526,40534,42572,45186,49800,57354,59878,62709
76527,172602,180661,194832,215891,231169,246838,262853
76528,96618,96753,101417,108093,116522,124625,131555
76530,125462,125538,130545,144450,156462,162786,178388
76531,59797,59153,66253,70031,74798,79035,86152
76534,98979,99787,96517,97065,97139,104681,117764
76537,131561,133548,149620,161930,175190,185313,197283
76538,134361,129500,138306,149755,159876,174830,195861
76539,144768,147919,154937,163035,173027,182013,191113
76541,55262,55218,52886,50954,50753,51707,54154
76542,145355,142364,140803,142022,143937,145281,149964
76543,84976,81124,77602,77444,79249,81342,82816
76544,151519,143873,147660,139686,139797,140027,148858
76548,175876,174241,172850,175415,176680,179222,186344
76549,124826,122907,120008,119989,121675,122795,126636
76550,116412,119266,124664,132514,141981,150797,160970
76554,100360,98603,98517,98477,103976,109960,118566
76556,139939,141330,150242,160396,165184,172705,176454
76557,116895,111549,116928,117225,119870,131952,139991
76558,49720,51014,54500,58683,63770,67697,72327
76559,143235,145305,143459,146137,147655,149429,155139
76561,92276,91063,94619,99551,109004,115015,121102
76564,95234,92229,93424,84689,78316,81938,93591
76566,184465,177267,181883,193854,215270,234719,249176
76567,83986,84824,88270,93519,98806,104532,108892
76569,76031,75342,79285,79215,77826,85908,94890
76570,54053,53574,54886,60183,64659,67066,71138
76571,242211,240812,242404,254070,262404,268697,279561
76573,138821,135920,142340,154257,152404,158315,177175
76574,110045,111686,119226,131728,147320,160771,175370
76577,133644,136109,143002,152977,164249,174022,184504
76578,127290,139228,138798,151574,166867,176660,190986
76579,106073,108486,110746,109778,118006,124413,131737
76621,93149,94894,99694,106028,112647,121228,130292
76622,105775,107131,109999,117161,125712,135590,145855
76623,77959,73726,75390,75611,82228,84178,95332
76624,130037,121249,125917,139026,148835,158855,179780
76626,73569,74595,78762,83603,88694,93781,98778
76627,70754,71329,74772,79136,82288,89460,95715
76628,48366,48902,53307,56468,59173,62839,65604
76629,74658,74616,78012,81339,87086,94333,101388
76630,131696,132173,134241,141311,151247,160351,174651
76631,68087,69404,73907,78108,81703,87038,93181
76632,64651,66721,68643,71842,77513,82683,83487
76633,202408,197684,201597,209901,217673,234438,256488
76634,83915,84883,88875,93900,99298,104373,109823
76635,59034,60288,65108,68754,70285,70758,75574
76636,113336,115710,119933,126154,132047,142275,151468
76637,64254,64690,67588,73085,78191,87717,97893
76638,220628,218443,221926,229670,237753,255637,282470
76639,49847,51802,54048,57800,60125,63872,67528
76640,112705,105786,108205,111958,115882,116806,134499
76641,68284,69124,71091,75658,78634,82587,89532
76642,83978,85522,89794,95949,102682,108017,114716
76643,141245,140810,144070,149371,154424,164962,179892
76645,59876,60562,63326,67112,70960,74743,79269
76648,60343,60645,62475,65483,69114,72212,76693
76649,80520,80673,84012,88559,95049,101784,110696
76650,44802,45841,47789,50457,52154,54450,57155
76651,87400,88015,91366,91527,95501,103507,118347
76652,77797,77458,80888,86207,93474,97976,104561
76653,77313,79499,86074,91558,98734,107996,117813
76654,73275,71248,80594,80971,86704,88942,101672
76655,166857,166099,169823,175700,182160,197017,213199
76656,82451,82606,86426,93019,100214,103794,108856
76657,150930,151550,154907,163129,167436,177556,195971
76660,55427,55586,58786,61672,64928,69365,72857
76661,41459,41122,42231,45412,47584,49680,51639
76664,67428,64488,59323,74009,77865,78942,85219
76665,85712,86278,90839,95509,103049,108651,115451
76666,57698,60160,63788,68529,72754,78141,83720
76667,56558,57273,59590,63359,67444,70258,74240
76670,79949,81514,82805,87204,90123,97146,107822
76671,75204,75076,78131,83156,87900,92614,97749
76673,73432,75168,80244,84500,89242,96319,104935
76676,52476,53325,55818,58131,62374,67800,72095
76678,55454,56976,61638,65986,66402,67229,70302
76679,69131,71073,73572,79335,83911,88224,92454
76680,74307,74544,77532,85303,94125,99640,103393
76681,56190,57233,55294,58448,59064,61737,63373
76682,99701,96253,96221,106519,114174,120533,129258
76685,173934,164323,165986,168265,182071,188905,207270
76686,63954,66026,69190,73012,79159,82668,88913
76687,127616,130597,140049,151328,161294,169989,179832
76689,132886,131278,135422,144017,153067,159676,171530
76690,69274,69247,72715,79238,85739,90720,97063
76691,112620,104888,112434,119678,128748,131039,145578
76692,80641,81228,84754,89304,94273,99569,105323
76693,66131,66067,69481,73835,78794,81470,85218
76701,88203,90947,93114,90644,95046,100323,111584
76704,62501,63862,65196,64260,66878,59831,59856
76705,85632,81632,80115,85313,88638,91493,104401
76706,116253,115141,115719,113508,114784,124095,137264
76707,61742,61256,59569,60964,64007,64870,72770
76708,100445,97781,98903,100091,103572,108704,120606
76710,114387,112713,115076,118264,121982,128878,145163
76711,59283,58974,59691,61113,63811,65848,71416
76712,173879,172161,173847,181062,185887,197076,213407
76801,66975,68421,72169,77880,83519,88317,93217
76802,101525,104102,110256,118731,125686,133239,140395
76821,46709,47079,50490,54619,59007,64515,68559
76823,64467,66859,71296,76761,81097,85028,89409
76825,69056,71822,79188,85389,87707,92860,101979
76827,142632,152086,167406,178154,188708,200501,206848
76828,46522,46706,48530,51644,53327,54364,59945
76831,207630,210976,231753,244493,251728,261873,271660
76834,35768,36367,36777,39351,41956,45475,48660
76844,123496,126520,131271,136004,142002,151235,175450
76845,197653,185832,187116,153815,152260,163597,178411
76849,55693,59065,61380,64302,72426,77630,82550
76853,91023,96769,102245,109561,123159,135354,145027
76857,75982,77851,82517,87773,93072,96553,98800
76861,101537,101390,107275,113428,120925,123353,129889
76865,43044,46483,50579,53975,57488,62098,69653
76870,378985,385062,398429,423104,445218,469817,441652
76875,62863,64420,70769,75408,78355,82371,88854
76878,40947,41350,41557,45942,48890,51899,54107
76882,68854,65578,65373,68937,68271,80905,87149
76885,163997,166387,182581,184109,195172,211261,208578
76890,154478,159387,170563,184331,197263,210620,221899
76901,70624,72811,81753,96960,105689,110168,118562
76903,44633,45272,48050,52241,56312,61074,68426
76904,132091,140856,156636,185776,195281,197075,201216
76905,82962,84025,93583,108171,116077,119177,124650
76932,64150,67560,71080,76617,85818,94274,102862
76933,83817,90452,96208,101213,108527,114953,120921
76934,62277,63027,67199,79421,80425,88345,98613
76935,133516,140715,153184,190574,213340,217124,215947
76940,64608,64171,68633,79060,85782,90449,88255
76945,189186,188986,190761,187867,172572,170457,179632
76955,134506,134420,131395,134725,128759,137294,147228
77002,173151,179828,210322,237433,254184,254648,255120
77003,188233,198800,223878,259363,291812,295560,297009
77004,194982,203207,224516,259993,284140,292210,294829
77005,752773,788148,895922,1004397,1081662,1106428,1132807
77006,319491,331167,381646,437005,473702,464597,465638
77007,303056,314685,359606,408385,433255,424743,419883
77008,297253,309647,357986,417157,439396,432284,434934
77009,166736,175108,201367,247082,270712,277391,290701
77010,313141,328283,360866,402084,441885,440299,448111
77011,61790,61268,67934,72252,81821,93705,108601
77012,69261,69086,74754,79338,87010,95938,103873
77013,77131,77417,82116,89565,98057,104510,115823
77014,108297,107980,120079,135086,146105,152923,158475
77015,87348,87550,92980,101385,110731,117744,127075
77016,65244,62201,64247,68634,72814,77620,85756
77017,84196,84142,87157,93398,101973,108394,114346
77018,232611,248161,298957,375619,393406,388225,395815
77019,395590,406088,462729,526955,565199,559287,558397
77020,70709,67584,69797,75627,80101,83771,91282
77021,83629,82554,87944,95736,106802,110630,120531
77022,79889,78788,82730,92383,100655,110809,124559
77023,96972,101055,111423,124766,143726,163228,184852
77024,640397,677028,770686,873316,952849,969337,980040
77025,304451,311812,347038,400893,434332,433862,430431
77026,57239,58531,61046,63358,66364,66192,73296
77027,441632,457596,519925,590086,624537,621576,631174
77028,62199,65031,68941,71459,74479,77058,78709
77029,64547,63972,66118,71196,74332,77314,81550
77030,326377,334820,373784,418394,455254,459276,463210
77031,123396,117779,125302,135768,146458,160315,169409
77032,72512,72766,79801,87559,97320,102361,111174
77033,71543,62231,62764,67358,75506,80236,86579
77034,99146,98249,102380,112081,120922,130248,139942
77035,135022,137742,159275,186864,208235,219662,224599
77036,76062,78685,86164,96692,107389,115199,122533
77037,87710,85675,92366,102434,109459,115301,119091
77038,88279,86172,93533,107172,119629,126261,133511
77039,79158,77686,82537,87934,95810,105059,116727
77040,120076,120511,129171,143304,157452,165102,171178
77041,136066,138163,150641,165599,178749,184263,188307
77042,148097,150136,168913,193531,212613,219307,225319
77043,160218,163829,183133,221481,258312,269047,276522
77044,147177,145851,157016,170684,183957,191398,196921
77045,86218,83015,88581,94231,99050,108044,116763
77046,209039,209688,236770,257875,291491,296563,295872
77047,103320,101582,112740,126330,138762,147968,155252
77048,91740,89305,95729,102631,107772,115491,126137
77049,111340,110472,119652,131162,141276,148770,157472
77050,76511,75729,79202,86853,94957,100719,108667
77051,76061,76198,77861,82485,87638,90721,95429
77053,85443,82783,83408,89696,98184,105496,115028
77054,94846,95110,101519,112500,124352,132935,138641
77055,271697,280964,323988,383182,424942,429195,434672
77056,439578,451315,503436,565153,609113,603642,597183
77057,183101,186666,204737,230502,254065,259689,258209
77058,129132,129100,135985,144137,155233,162741,173871
77059,244351,245297,262057,279843,296151,306293,313715
77060,79869,78699,85266,93161,101466,107295,115804
77061,101133,100893,108951,119684,131887,142647,151244
77062,154472,155528,167366,179120,192591,203118,215008
77063,136348,137499,152911,177453,194484,200435,202480
77064,122261,122657,133472,146967,160464,167955,173790
77065,129889,131971,143323,157239,170325,177765,183754
77066,105338,105593,115590,130163,141195,148554,154389
77067,85475,82911,90999,104493,115948,124706,132084
77068,160696,161359,172452,188135,200529,205511,213103
77069,187319,189394,204786,221831,235909,240195,243026
77070,141006,142190,153450,169011,183301,189847,195673
77071,104414,101620,109987,123434,136577,146326,152890
77072,77935,77055,85273,97353,111133,122472,131430
77073,98142,94962,107861,125724,137397,143664,148743
77074,93673,91542,100272,115355,131835,144572,153548
77075,110443,107660,117217,128648,138678,146770,158037
77076,79873,77978,84437,91937,98500,105433,111114
77077,208642,212717,239435,273913,304347,310599,310958
77078,63261,68696,76085,76210,80855,89917,95576
77079,313984,332782,383064,437284,478409,480425,481514
77080,151729,153091,172531,206488,238382,245101,248741
77081,144519,148164,166226,189050,203127,205408,210157
77082,119924,118493,128050,142360,156090,164416,172292
77083,114598,112172,119742,133559,147037,156072,165859
77084,115555,115082,126711,140767,154491,162237,167708
77085,94418,89809,97189,113024,123597,132193,139396
77086,86878,85527,92471,106203,117251,126191,133386
77087,76142,76501,79818,85251,94200,103189,114563
77088,81974,81051,88491,98542,111130,120213,127763
77089,123828,122913,131814,141806,152335,163284,174027
77090,112273,112592,123067,137359,148445,154280,161446
77091,87760,86613,95702,105356,114704,122042,128385
77092,120375,121670,135771,158222,182770,199102,206649
77093,74650,71980,75897,81234,87574,89027,94751
77094,284641,296743,338191,375873,397844,395740,391582
77095,155517,157329,171478,188251,203741,210924,214610
77096,255020,260354,306153,352349,383491,371405,358560
77098,369243,384430,445979,513048,553231,543606,544686
77099,85171,84294,91657,105660,119116,128232,138434
77301,103089,105480,108518,118300,131296,140569,146245
77302,133495,138344,146568,159392,175834,184611,189181
77303,116616,119811,123087,134338,149525,158179,164288
77304,181394,186382,191652,207856,224338,227105,230398
77306,96710,101330,100132,107953,121646,138058,143205
77316,233964,241292,251379,272925,300362,307834,307296
77318,167939,172763,178950,192713,208047,214645,219991
77320,110621,113110,119033,127253,136003,145746,155057
77327,74636,74851,77718,82807,88009,94167,102276
77328,100708,102577,105728,113911,123616,130432,137537
77331,116365,119315,125835,134180,142002,148850,155073
77334,107067,107128,112614,122524,131930,144728,154486
77335,69214,69719,71690,75133,79155,82233,87382
77336,148879,146948,158531,172603,182953,189616,197346
77338,99354,97816,109029,123582,135209,143119,149275
77339,146102,147606,159008,172652,186846,195031,201279
77340,128210,130756,137359,147135,157049,168220,179032
77345,219327,222395,240594,262143,281814,287935,287046
77346,157205,156873,169299,184079,198364,205858,211444
77350,63955,62315,63114,66084,71212,74414,77346
77351,90726,90840,94550,100853,108520,113584,120827
77354,227433,234651,247388,268935,292944,295245,294668
77355,202845,206223,214920,233088,257052,264426,269508
77356,204179,208379,216947,231418,246198,248933,250886
77357,129597,129663,132141,145913,162315,170662,175146
77358,125981,128632,135629,147790,163743,177011,188247
77359,108617,111072,115649,121124,125984,129317,137775
77360,86698,85186,88272,93293,102086,108121,113610
77362,166833,170457,180966,198170,219370,231080,237651
77363,92073,94645,100339,109073,118522,124056,132442
77364,105647,109236,115864,121496,127212,131100,135293
77365,166214,168002,175294,186926,203165,208580,214722
77367,99934,100307,105375,114950,120847,128410,133018
77368,50151,47441,47092,44810,48120,47234,49358
77369,57985,59525,64182,71747,78231,75863,80690
77371,67088,67264,71090,76706,82686,87374,90939
77372,108852,105923,103474,116799,126672,140482,145382
77373,104726,102872,112764,126955,137810,144922,151823
77374,88019,89709,95028,104740,116942,114620,116127
77375,153719,154758,168145,187191,204180,210985,215111
77376,64822,66575,71048,76949,85554,83806,92321
77377,196352,200130,218796,239736,258221,262861,263262
77378,102341,103142,106964,116249,135365,144678,150770
77379,185099,186330,202163,221996,238559,244019,246689
77380,169522,176702,192998,216645,233890,232723,232130
77381,246899,259413,284570,320050,340395,334142,328471
77382,286925,299483,324360,357831,379672,372282,364251
77384,237133,242930,263075,289132,309879,304944,302955
77385,162465,168684,177988,194764,210508,213560,217437
77386,179002,183847,195287,214270,230582,234044,238720
77388,142169,143182,155428,171749,186182,192656,195970
77389,230162,233315,258236,290689,312393,316791,315896
77396,123477,121273,131600,145137,157146,164722,169766
77399,67551,71386,74975,81056,81503,81550,85422
77401,624211,650387,740366,833459,893505,905735,912050
77406,220665,223015,236246,259947,278116,281043,282585
77407,196215,196864,206920,227784,247027,252951,257099
77412,72745,75243,81590,87215,90570,94277,102014
77414,97734,100407,106274,114044,123253,132170,140854
77415,84427,85211,89788,94016,97899,102889,109203
77417,141764,132872,131442,132058,144028,147406,150628
77418,171512,174837,183611,195835,209394,222941,236777
77419,88162,90499,94885,102227,110036,117142,124862
77420,77181,78620,81242,87840,92656,96007,99573
77422,115565,115335,120278,124163,138218,143607,154560
77423,170047,173534,183696,198556,213065,226822,240448
77426,198719,202256,214272,232282,245851,263485,286356
77428,72621,75185,78752,83313,91480,96163,101513
77429,182004,184756,201115,219995,237312,243214,247290
77430,149887,152566,160041,176164,190137,200428,211015
77432,91917,83256,81966,86511,93584,97641,103826
77433,198569,200272,220519,243899,263797,268578,271380
77434,50944,51290,53701,58003,61404,64895,70168
77435,133518,134064,141401,152587,165321,175724,186945
77437,97245,98842,103174,110105,118001,124804,132364
77440,126337,132762,140835,153286,166124,183089,201723
77441,325569,331431,358860,389425,411362,408494,406375
77442,77835,79325,84542,90160,96062,101354,109060
77443,68314,67645,70773,74579,79950,84357,88073
77444,139519,145313,158990,148836,157511,160807,166072
77445,109221,111413,116802,123760,132693,141070,149279
77446,74809,77026,81187,85603,91089,96521,98771
77447,149364,150517,162073,177542,193203,204414,213693
77448,71126,73012,74085,76991,82665,89379,95133
77449,112359,111991,125935,141864,156414,165580,171143
77450,183518,187286,207546,232588,251168,254838,256454
77452,163157,169001,181193,191824,204749,212157,219853
77453,59557,60814,62110,66059,70895,72889,76389
77454,70920,73205,76748,84520,89308,94600,97428
77455,105701,107127,111702,119835,129199,137311,148752
77456,74210,75850,79187,85175,91223,97230,105868
77457,151896,154651,165833,180439,192488,199003,212892
77458,79441,82401,86943,93778,104239,115411,122205
77459,209462,210611,223171,246548,267162,273143,277187
77460,82993,84388,89180,95151,104017,110795,117136
77461,153862,157398,166599,170206,181219,183082,195358
77464,169631,168439,200002,205180,197315,185017,171692
77465,85251,86886,90366,96868,103136,111836,118238
77466,163473,160317,172430,188761,203954,218611,232689
77468,76130,77787,81661,85581,90194,98395,103801
77469,171550,173780,181067,196765,213919,221191,226865
77470,53829,53853,55840,58750,61366,67633,74448
77471,128921,130015,135033,144919,155888,162654,171066
77473,99417,100276,102517,110326,118157,123441,136639
77474,155065,158140,165900,177643,189777,201534,214246
77475,60341,62169,67966,71765,76344,83969,92706
77476,293354,280236,291204,305049,306994,270778,251509
77477,130834,133196,141652,154238,165928,176118,186374
77478,228666,230972,248882,275305,298657,304216,308192
77479,288146,293344,314605,351337,379802,379070,379653
77480,127534,121248,122756,126070,135042,140056,148848
77481,170479,174745,176057,182527,184080,184548,186471
77482,94605,98515,106547,114868,122102,133947,141362
77483,76244,78799,81976,87168,93062,103256,110714
77484,149217,151746,161132,175132,189710,202393,215849
77485,132099,130164,139206,152172,165097,173591,174008
77486,112657,112806,117797,130606,142239,148107,157383
77488,86918,87872,91145,97218,103951,109465,115677
77489,102876,100102,102668,111223,124852,133940,143982
77493,159032,161968,179538,201106,219148,229338,236067
77494,260292,265768,286800,318218,336379,332424,330788
77498,155428,155980,166248,184158,201356,210497,218711
77502,92973,91642,95498,105039,114850,122923,131075
77503,91363,89647,93167,101478,109477,119923,128695
77504,125353,125001,133911,142781,152344,161020,170387
77505,153747,154560,163245,175029,187970,197318,207014
77506,67866,68020,71755,78876,85431,92523,100535
77510,145624,145142,152074,160313,172379,189674,198558
77511,129651,127378,134185,146915,160998,168723,179969
77514,106830,107151,112300,121324,130682,140773,148773
77515,115406,114426,121171,129586,141957,150521,161715
77517,159597,159663,168589,181400,195290,217434,228023
77518,105191,105293,109207,117770,125373,134065,142224
77519,79062,78308,81228,87845,98312,103968,112775
77520,77494,78237,82100,86560,93643,99850,106909
77521,120130,119798,128080,138818,148720,157823,167322
77523,205625,208783,218478,233846,249364,266561,284324
77530,87809,86091,90444,100021,109344,119191,131270
77531,105064,103888,110231,115543,125496,135028,147603
77532,130163,129960,138203,148873,159637,166879,177045
77533,70768,71957,73758,76070,76989,73092,71813
77534,118724,117817,127475,136226,151067,160825,172416
77535,128151,130736,137635,147317,157751,169307,182102
77536,132880,133313,140492,150072,161080,169713,179943
77538,90349,92823,99512,106612,114668,122953,130937
77539,136273,135593,142319,153775,164980,177385,187249
77541,99065,95343,96804,100308,115003,115044,126274
77545,137255,129840,137120,153235,169473,176986,184557
77546,187134,189461,202082,215414,231370,244871,255045
77547,74803,72806,74528,76961,82028,90598,98206
77550,124833,133540,140318,150912,158934,170399,183182
77551,116457,119810,127480,134234,139927,149827,159745
77554,260446,269506,279180,297966,319203,330774,339867
77560,112992,112722,117511,123464,131277,138978,152716
77561,94933,97843,102439,109642,120484,129191,137301
77562,99431,98140,104782,113635,122026,129690,138854
77563,115356,115155,123731,129635,136604,147609,155375
77564,79863,81910,86691,93091,99836,105500,111611
77565,203755,206519,218116,232688,248016,265445,279209
77566,139714,140062,147465,157650,170818,179677,191533
77568,100429,97769,100793,108160,113394,122647,131986
77571,121162,120115,127036,135049,145101,154480,164691
77573,189161,193028,204065,218557,237207,250929,260180
77575,90902,92793,97577,103888,111073,118410,126221
77577,95650,96428,102950,114563,131523,138545,148417
77578,198002,197684,210688,235119,257303,264858,274566
77580,282759,285681,298259,313921,326495,348961,361389
77581,172380,172868,184374,202312,221381,231715,241348
77582,84996,87286,90025,96853,103119,110642,115407
77583,166280,166127,174431,192992,210626,218048,228478
77584,187276,186431,198162,219969,241636,250172,258054
77585,77751,77833,81483,87772,95047,95498,99451
77586,176691,177266,191016,204809,221949,234684,246393
77587,84843,84495,86320,94665,103266,110599,121551
77590,84121,84766,85191,88618,95982,104709,113843
77591,95975,94109,99417,107109,113300,121553,130094
77597,130272,132311,138237,147541,158001,171368,184732
77598,117176,116679,124025,133236,143288,153738,163725
77611,115035,116383,121649,128729,136319,143840,152161
77612,89827,90843,95139,104574,112889,120935,127430
77613,74696,75236,80418,86043,93321,98737,102413
77614,58533,59345,61326,65335,70096,75428,80567
77615,71601,72852,74912,81972,89659,93987,99614
77616,77233,78112,83095,89817,97975,102573,109549
77617,177766,176624,168993,176398,200886,218433,235361
77619,93842,92539,97352,104409,108843,111339,110015
77622,119856,120972,129578,137550,148916,160382,166799
77624,90080,89251,94977,103404,110900,117756,127563
77625,111758,114728,119986,128655,136845,139903,145573
77627,120014,118150,126104,132430,139950,146159,146838
77629,78236,78800,88145,94039,97203,101300,103782
77630,74625,75855,79046,83861,88889,91761,94684
77632,117300,119648,125314,133199,141715,148289,155650
77640,52467,51254,53565,56317,57191,58411,55513
77642,55016,53868,57558,58962,58769,59725,58765
77650,211790,225651,233413,237135,253177,262977,265512
77651,132555,130387,139954,147874,154703,161799,164267
77655,58419,64352,70141,75369,77612,83516,83271
77656,90949,92221,97335,103817,109802,113497,118640
77657,148399,150630,157140,167912,178582,188364,198991
77659,138446,141268,148091,158817,169596,178721,188257
77660,64704,66197,71052,75903,83675,87678,93597
77661,95443,91952,92046,102929,118636,126524,129938
77662,88177,89682,93404,99421,105749,110472,114972
77663,113509,116685,122193,131438,141798,149053,155631
77664,81682,82861,87778,94129,100411,107262,115193
77665,111074,112034,118826,128016,136806,147055,156064
77701,42211,39992,41423,45932,48499,46590,45237
77702,89999,85423,90027,95482,99371,100620,100339
77703,39361,38470,40130,41567,44753,44074,43803
77705,62913,62138,65724,69423,72880,72558,70361
77706,136481,136147,144204,151665,157866,164981,167717
77707,100904,100150,105684,111072,115385,118664,116567
77708,90032,90251,94749,99877,101848,105329,104184
77713,137236,138088,146455,156078,164399,171508,175079
77801,96593,96616,99734,105933,114116,123798,135544
77802,141534,139792,144858,151421,163331,176025,187095
77803,77506,77174,81032,86240,92675,97920,107998
77807,151060,151844,157717,167131,179311,191806,203835
77808,201685,203528,213337,225004,242355,258487,273926
77830,129253,134431,142339,154952,168837,180257,193728
77831,71342,72856,76397,81547,87107,91412,98238
77833,140289,142414,149254,159651,171144,183764,195531
77835,172449,172344,179758,190521,203205,218789,234630
77836,100585,103509,108466,118480,131504,142433,149661
77837,58437,59356,62106,66419,70016,72949,75781
77840,138924,139472,144137,151602,164239,176144,187983
77845,182363,184441,189168,199703,214106,228508,242623
77852,89024,93399,97995,105264,112752,116109,121596
77853,110183,111767,117982,128802,139331,149772,164703
77855,99137,104563,115838,126997,128612,143769,158962
77856,127682,133000,140962,153712,169837,187558,199600
77857,144636,145747,153871,164973,170825,180813,192264
77859,65021,66119,70041,75146,79578,82850,87766
77861,130388,136081,144881,155711,169826,183038,201160
77863,87098,86600,88729,94078,103149,108287,114445
77864,90047,92419,96420,104132,111615,117495,125110
77865,126876,128432,136005,149538,161578,166572,184548
77868,104944,106800,113129,122425,131371,137426,145417
77871,107760,112158,120754,132774,139044,147879,158069
77872,134917,139820,146013,155344,165285,176117,191612
77873,121496,127256,136129,142919,157977,172083,179799
77876,55440,57107,58911,61712,64803,70571,75784
77878,97942,97979,102607,109400,119240,126574,135871
77879,67086,68530,72902,76438,81508,85256,91343
77880,167346,173645,182512,194699,200744,205229,227452
77882,164392,168576,176153,193614,218162,226653,234549
77950,67635,69441,73510,78127,86628,93318,100170
77954,82024,84895,88464,96095,106366,115120,121817
77957,77672,79506,83576,89998,97285,103128,109931
77962,75877,77621,82867,89130,97480,105180,111514
77963,97680,99162,103018,114602,123072,134909,147824
77964,126609,129974,137918,149842,160119,172872,186307
77969,97461,99887,106683,111457,127776,144112,152989
77971,90554,92245,95305,102767,110239,119143,126795
77974,144357,149682,164997,182058,198418,217660,230214
77975,90785,92362,97400,105874,112292,119100,127989
77978,57889,58785,60733,64532,69297,76205,80624
77979,91362,92192,96456,103073,108581,115270,122161
77982,161787,163002,173215,182619,194471,205868,214815
77983,88389,87940,91771,96709,101752,106853,110164
77984,106457,110663,117824,127149,136666,148555,160262
77986,87043,91134,100277,107369,116391,130371,142485
77987,82295,85565,89762,95717,98542,106179,114951
77990,49379,51593,57179,63202,69782,74271,80413
77991,79730,82015,86342,93218,101144,110210,112471
77994,89324,97244,104817,107945,110520,115129,122979
77995,76291,77873,81693,87980,94691,101486,108073
78002,94598,94898,100693,111476,116721,128032,135591
78003,143777,146279,152910,160229,170238,178834,189933
78004,269136,271504,289358,313554,332917,345438,367618
78005,227799,231903,241257,262140,274578,269435,294028
78006,270104,274098,288095,307439,326986,343681,364010
78008,47632,49484,51214,55452,60698,65763,70844
78009,172611,176075,184561,197698,212248,224622,236477
78010,149345,153579,161634,174801,182539,191839,203370
78011,54453,55529,57754,64892,69535,73960,80562
78012,64191,64352,65511,70326,73368,75334,76085
78013,191761,194639,207262,218503,229248,241097,257378
78015,334029,340373,354311,369860,383752,394095,407414
78016,93401,94472,98396,105418,115096,123271,135679
78017,48179,49477,51112,57627,63209,69279,75132
78022,84996,86458,92154,102070,113475,126284,136314
78023,246884,251687,262451,274624,287553,298669,308020
78024,237102,242610,255489,273635,296703,309629,326095
78025,146886,147911,152723,162745,172435,181199,191954
78026,83427,85241,90295,98842,107015,116030,127091
78027,188149,191308,199103,212149,228512,238594,257822
78028,155066,157295,164314,174791,185251,196060,207163
78039,103717,103399,104600,111878,114716,119682,126379
78040,82949,83733,85669,87626,91511,87088,86774
78041,157337,158484,161674,160333,166813,171120,175628
78043,114373,116085,120211,120700,126231,129058,129802
78045,186569,188301,191576,198281,205817,211137,217292
78046,100982,101852,104752,106477,115670,120790,124472
78050,71574,72989,75942,80915,86436,91570,98713
78052,128731,131121,138976,149580,159279,169667,180182
78055,148340,148613,155998,159685,164857,171529,180116
78056,250406,255213,269499,289706,309336,319265,336942
78057,95054,100484,107491,113625,123471,128283,141372
78058,185138,180044,185944,201404,209419,222023,234638
78059,114885,116491,121581,129197,142420,148862,158683
78061,56111,55803,59155,63259,68122,73784,78944
78063,145676,148327,155967,165396,174471,180308,190924
78064,115054,118067,125088,135459,146267,157429,169175
78065,81586,83875,88464,95059,99553,105872,113740
78066,179956,185467,197129,213341,230618,241492,254103
78067,39012,40984,43609,47184,51628,54904,58632
78069,83635,82281,88533,93962,100073,110925,120847
78070,292187,296426,309520,324620,345273,361801,375893
78071,75792,76966,81023,89770,102586,110786,116862
78073,91888,89597,95568,102123,106944,114783,125379
78075,93393,97877,98768,109828,128676,146286,152042
78076,59546,63917,66760,72232,78827,83647,89536
78101,180599,185252,194787,210309,224833,240430,257353
78102,72665,74848,78536,85574,92656,99988,107831
78108,201367,200385,201422,208078,218107,224233,231540
78109,120754,121740,126680,135349,144906,153955,162738
78112,92552,93334,98137,103317,110460,117752,130123
78113,164292,169641,180966,195686,212596,230988,250250
78114,162653,167023,177126,192021,208176,223806,239146
78116,108758,113743,122501,130320,138250,155315,185432
78117,124186,129861,137171,151592,163264,181469,202083
78118,60150,61533,65335,70622,77459,84904,93221
78119,61417,64090,68508,73976,81240,86925,92568
78121,216238,222176,234026,252771,274202,294731,315051
78122,94501,102465,115125,119718,123707,138909,152442
78123,292199,290352,292791,299356,328554,338147,353238
78124,175375,176001,180705,189129,204649,209230,222387
78130,170334,172815,179222,186769,202297,212375,223826
78132,298935,306303,320970,332749,357224,370401,389123
78133,185832,187666,192450,200190,218242,233673,249202
78140,61479,64325,68218,70958,76108,79123,83990
78141,68328,67996,69921,75325,80546,89854,97635
78143,74917,74494,77233,82681,89761,94010,102300
78146,79228,83811,87107,95109,99319,109426,116188
78147,98627,100082,106345,115927,123998,131799,141064
78148,133561,135920,141742,149943,159322,168208,176895
78151,54329,55310,58692,62014,65512,68466,71660
78152,162952,168218,172908,190569,199235,207432,219442
78154,172933,173911,177228,184935,194654,202374,211504
78155,149030,145127,145049,152484,163844,168057,181642
78159,62201,64189,67287,71294,78529,82111,86578
78160,125955,128652,135385,146650,158943,172143,183086
78161,102981,105467,112551,125583,135423,143405,155314
78162,92154,94377,96929,108315,115814,124814,130405
78163,274381,282005,300075,311380,330934,344870,360045
78164,72736,75797,80302,87895,93791,101186,107756
78201,87848,87205,90785,96304,106245,118790,136307
78202,69009,62072,62357,67728,76155,89129,100283
78203,66158,68152,66918,69620,79616,88916,108472
78204,84687,86230,87257,88773,96791,106468,120218
78205,332385,343002,337979,347292,382814,402025,423701
78207,55651,52928,54506,55394,60023,66240,68390
78208,69714,68825,69316,76331,84281,99797,123725
78209,264704,270841,286591,307384,328793,346061,366621
78210,77005,77733,78844,82336,89645,97726,115816
78211,64298,61941,62696,64325,67494,73531,88128
78212,135649,138534,146140,158484,174980,193878,214066
78213,101739,101218,105212,110775,119831,131563,144613
78214,66571,64850,69434,71942,77706,85828,100476
78215,168298,175848,188959,206194,226913,249688,270079
78216,145885,147306,153282,162534,173924,187656,199748
78217,113713,114919,119633,126804,135175,144756,156278
78218,88952,90206,94805,100313,109493,120008,131499
78219,74859,77239,77985,81944,88479,97808,109896
78220,65896,65231,65846,70181,77121,84208,94532
78221,82459,79478,84757,86587,91834,100732,114910
78222,104202,107586,111571,116685,123751,132148,141775
78223,90122,89095,91008,94886,101948,111261,122318
78224,87458,88415,90353,95325,102133,111267,120353
78225,69943,68882,70986,70675,74545,82008,91209
78226,70579,69081,71895,75000,81445,87789,94621
78227,78537,77393,80240,85532,93098,101069,113325
78228,83788,82487,85545,90580,98666,108848,119810
78229,112692,111387,115176,120830,127370,135587,145294
78230,187808,190555,199094,210906,222906,236838,252810
78231,226676,232809,244082,260310,273456,289705,307670
78232,192387,197892,207938,220175,233539,246163,262033
78233,110906,111389,116176,124760,134811,144049,154747
78234,71773,71908,75833,87835,98490,104871,116579
78237,54901,50962,53137,55760,61973,70322,76402
78238,108362,109656,113877,122587,131349,139625,149718
78239,108602,108023,113411,121909,131209,141024,151571
78240,135901,136258,142065,150308,159963,169868,180701
78242,74856,71209,72504,76487,85521,89641,100090
78244,103413,105163,109580,117066,125851,134336,144356
78245,126451,126864,132195,140838,149194,157720,167980
78247,139127,141452,148098,157143,167006,178132,190981
78248,269097,277319,289139,303971,318432,331135,344099
78249,154661,156729,163630,172317,182555,192684,204130
78250,117625,118601,123780,131914,142261,152541,164311
78251,135414,136894,142563,150282,159743,169047,178432
78252,125843,121565,125579,138480,145836,154413,162208
78253,203888,206246,214583,223538,231585,239896,248427
78254,161189,163478,171070,181005,190463,200665,210737
78255,295368,303760,315562,328748,340372,349415,359100
78256,336842,347903,358638,369210,376337,386560,399336
78257,518259,530674,553789,573815,587632,608790,619749
78258,268335,273843,285860,300472,314125,326365,336548
78259,208457,213342,222866,234821,248051,259986,272058
78260,269453,277933,290830,304822,317241,328931,340382
78261,243438,249162,260676,272081,283138,292410,300253
78263,167063,173970,180567,194149,204109,217177,232814
78264,95598,96515,102451,106895,113137,119164,131494
78266,343593,349568,366893,377879,397814,405469,422682
78330,70486,81368,81206,82709,89091,84519,82078
78332,96332,97694,103845,111271,119480,124964,132884
78336,106055,107910,112449,120526,129012,138746,145802
78340,85439,84860,90541,95745,102723,105984,111940
78341,63659,63102,67012,69383,71057,72694,77394
78343,84455,86926,86521,91643,102143,102234,97065
78352,58004,57716,57321,61036,64042,66729,70072
78355,35558,35968,37481,40083,44746,48156,52561
78358,131496,134845,140444,147685,157939,165340,175696
78359,75154,72518,73981,78729,83887,89671,94107
78362,108452,110705,116598,125024,134169,144409,153066
78363,70881,71812,74718,79880,85365,90453,95581
78368,71770,72914,75633,79811,83341,87591,91214
78370,105547,107739,111835,118009,127021,134999,139131
78372,142314,141809,140039,143253,157598,170296,170510
78373,264075,255023,256220,280786,312020,337719,335918
78374,149167,151731,158282,169333,180503,191638,202050
78377,60451,61463,63565,67674,71429,72282,73733
78379,114721,116163,118661,126453,135943,148730,158058
78380,85534,91406,101237,104146,114929,111790,107181
78382,151733,155059,162318,170904,181458,192404,202794
78383,117209,117712,125108,133909,142887,146853,154930
78384,104957,108869,113027,119025,127949,127686,133995
78387,73588,75807,78624,84046,88832,93566,97297
78389,63370,67908,69833,77048,87980,91173,97767
78390,68832,68952,71364,75956,80890,86495,89445
78391,61421,65939,71878,77350,85198,87827,93267
78393,66403,67285,69910,75283,81588,86714,92076
78401,57432,58129,63261,69525,72283,71500,80100
78404,89113,91613,102219,106263,110435,113954,120056
78405,52382,52063,57443,62444,65082,65581,59905
78407,63292,58659,65525,67052,64160,64025,65021
78408,62072,58997,62615,67430,72817,70630,73975
78409,105684,106666,110487,114406,120700,124343,130562
78410,122418,123842,136592,144005,153570,159896,162521
78411,97715,100247,110194,117559,127317,131964,137586
78412,98510,100898,110847,118266,127178,130809,137040
78413,139544,138735,153927,165159,178700,187320,189507
78414,160771,162126,178186,194215,207663,215571,219193
78415,87401,88406,93692,98669,106665,112255,119156
78416,60457,60665,65649,69612,70756,75608,77191
78417,88091,88827,89519,99334,113630,121181,126946
78418,151902,151405,165321,177138,190927,199021,202704
78501,89137,88803,93042,97652,101643,108075,113186
78503,82752,82950,86820,91771,93817,99116,103057
78504,128325,129747,133638,140050,145508,151977,157372
78516,65728,65015,70542,75428,77471,80824,83634
78520,81282,83167,82712,82116,85564,84060,86530
78521,72690,72859,72051,71288,72637,73871,75999
78526,113441,113462,113570,114373,119101,119112,122421
78535,81311,67908,69428,68853,69842,71444,71180
78536,38004,38390,43504,46574,48810,48746,51790
78537,49689,50086,55069,57030,58410,61414,62180
78538,62112,63863,70672,72759,66225,68544,70481
78539,111748,114723,119374,125560,131467,138516,144198
78541,80399,82254,86759,92269,96780,100794,104890
78542,74959,76134,82852,88345,92105,96241,100505
78543,53196,52594,59195,62441,63006,70099,69289
78545,38774,38274,40425,41877,44021,45071,49809
78547,40920,40140,41214,42737,44563,49501,51610
78548,39363,39392,41393,44865,47023,49401,52403
78550,94019,84657,84566,86298,89547,88548,94629
78552,127746,115752,115688,119513,122783,121746,126945
78557,78531,77308,81351,87031,91472,100652,103979
78558,61762,59076,65439,67738,67657,73777,73139
78559,88623,84168,82362,83764,84477,83252,84675
78560,66062,65682,70266,74734,75987,81346,83527
78561,34681,36267,38696,39890,41918,45082,50037
78562,51597,51045,57153,56974,52999,54623,54400
78564,64797,71995,76648,75556,73606,71480,76711
78566,104279,96126,90936,91046,96110,99447,105621
78567,57512,55824,61168,59052,60606,61065,58489
78568,63880,63375,59869,54037,54601,57117,59839
78569,59088,59735,62681,65786,72501,80465,86559
78570,53078,50735,54140,58550,59711,63639,60874
78572,90777,92329,94101,97802,100719,107070,109751
78573,84747,85922,90084,94976,99046,104646,112203
78574,80948,81800,86124,88913,93385,96075,99742
78575,171641,162826,155547,157502,164664,163423,167309
78576,63537,61502,64814,67133,68757,67648,69526
78577,67883,68407,72374,78271,81863,87083,91014
78578,144478,140420,135554,134241,141216,141562,145482
78579,52922,50212,52062,54636,57358,59785,58580
78580,36216,37466,39995,43917,47084,49577,51887
78582,48844,48377,50404,52908,55580,58442,59647
78583,98726,96143,96290,95624,101085,110196,115949
78584,52404,52474,55489,57723,60382,59672,60923
78585,38013,37830,38906,41226,42470,40578,44641
78586,82679,79018,75151,72904,77047,78392,82636
78588,52295,50630,51339,52647,54605,54541,58204
78589,69468,69088,75479,82620,87011,91726,96261
78590,66677,68148,71899,74858,81058,83062,88144
78591,55507,54058,53354,54037,53954,51604,55919
78592,44550,45444,52862,51145,55334,55883,51952
78594,53175,51887,50881,50164,48416,48379,51339
78595,40764,41077,51999,55123,57576,59067,63905
78596,66796,67436,72522,76633,80457,84560,85996
78597,269472,251356,251190,253825,250947,251067,249823
78598,102212,102316,106506,110421,121573,128187,138565
78599,68256,68774,75011,81460,85687,89343,92148
78602,154118,156468,163736,175675,188499,201648,215723
78605,133701,135632,139146,149630,161139,176742,190775
78606,194105,197043,206519,222496,238508,255844,275511
78607,206524,213551,222728,218205,222156,230320,242120
78608,148238,153249,158925,165020,174132,193694,209080
78609,152589,156767,162079,170920,174634,182556,189397
78610,182786,184322,200098,217907,238020,251345,262696
78611,151236,151901,157713,168016,178467,188387,199328
78612,166467,168584,176524,187554,200916,214818,230813
78613,203446,210640,228294,251744,270996,290447,306733
78614,115041,121519,129366,134501,144629,161649,174156
78615,165696,179214,174393,189561,216562,237193,256650
78616,121556,124274,130438,140358,152088,164211,178719
78617,115867,120736,130046,144018,159534,174673,186443
78618,274885,297233,325020,350609,357914,361899,387126
78619,354089,357486,388517,416357,451997,477983,497230
78620,300968,305965,334953,366137,398960,425908,442646
78621,124516,125109,130117,141568,152622,164787,183462
78622,74100,75514,78746,84437,92271,98947,108685
78623,199594,203129,211506,221000,239661,254278,269735
78624,209477,211987,222469,238277,256199,274160,294850
78626,167839,170809,183461,199327,214955,233110,247277
78628,236762,244784,261950,280974,301022,321674,336906
78629,94252,95801,100449,106987,114910,123191,131974
78631,151781,156595,164523,176578,183496,193911,208626
78632,154064,156825,167170,183867,194986,214595,235757
78633,237094,243114,260738,289686,310147,323388,331972
78634,145177,148452,162131,177211,191258,207925,224474
78635,418383,429046,445710,475221,503317,542617,582968
78636,196036,199345,209752,226223,242249,258323,279776
78638,202057,193902,199065,206243,218782,207358,227679
78639,186041,192219,202542,216351,224907,238803,251661
78640,144763,143743,153078,166160,182778,196772,207263
78641,189932,195860,212604,234032,253217,271285,286899
78642,233863,238161,255340,282287,304293,327961,343152
78643,130002,141713,153937,162692,176636,188554,197648
78644,114243,115273,119562,127901,137365,145797,156754
78645,209381,214308,221079,230713,245174,261629,280203
78648,90237,91671,95266,102630,110415,117326,126483
78650,157286,160569,168544,181319,195813,212157,236864
78652,216967,219891,235534,257639,283824,308724,324831
78653,135272,138019,148942,162683,176104,192772,204143
78654,177994,179970,186708,199177,213398,227273,239638
78655,151333,153230,160569,171972,184141,195369,212904
78656,114557,116337,122510,131490,141579,151845,160903
78657,281049,294245,309891,329505,339226,361771,383696
78659,154346,157388,165598,179894,194035,210082,230677
78660,168421,170510,183732,199503,217054,235387,247457
78661,74713,76638,80035,86664,96528,102723,109932
78662,152838,155896,162312,174579,190012,208332,222702
78663,333254,334428,348798,375685,408808,442455,465864
78664,146194,150932,164015,180487,197231,215138,230005
78665,197721,203531,218584,237695,254767,272799,285898
78666,155611,154368,162013,171913,186177,197825,211247
78669,323016,330269,340961,361207,391166,408321,422557
78671,173988,173572,174970,183739,186866,186867,209122
78672,102719,106307,110907,116321,119579,126228,132293
78674,113409,117089,126533,136118,146931,163606,177179
78675,400736,395246,401726,430507,444974,455551,461067
78676,226802,225817,241335,254472,276259,302122,338187
78677,134843,149935,161053,170220,188065,201703,219134
78681,206702,216316,233883,258153,276550,297495,311751
78701,307832,335221,379294,422708,444399,467886,489321
78702,211679,229223,267908,322961,362669,389122,404416
78703,591194,623460,693854,769909,837927,887862,909747
78704,333173,356575,407270,472090,507247,538938,558168
78705,214554,222740,242880,264329,284054,301874,314886
78717,249601,260859,282707,312016,334652,358770,373332
78719,131671,137862,146618,164764,171272,187346,204882
78721,153115,161639,187130,224606,259458,286149,309422
78722,255485,270916,310618,351725,382848,408698,425491
78723,195621,210531,246563,288635,319797,346772,366896
78724,113286,114495,124987,143467,163330,183310,199603
78725,111280,114795,126399,141495,158333,175319,186858
78726,330170,344499,374724,417283,438519,455089,467720
78727,191958,198297,222706,248810,270759,294164,315669
78728,174716,176988,193394,215837,233956,254995,270272
78729,191055,197256,216118,242343,263795,287264,303600
78730,498852,516253,556779,602179,634348,665371,677224
78731,446109,471756,523563,574539,611402,644539,665890
78732,395974,411655,440636,469342,489094,502518,511894
78733,480127,501742,546587,596742,632094,657877,683313
78734,318248,330713,351821,370807,388349,402822,416824
78735,372289,391506,433812,476526,501124,528322,545401
78736,244572,256097,278230,307013,328894,354546,370315
78737,325367,332921,362058,391964,419834,443474,459986
78738,433893,448668,479804,509392,532349,543131,553046
78739,334330,352249,387773,422367,445665,464263,479615
78741,147283,153106,171222,195796,219623,246419,265879
78742,107081,113623,125475,141697,157382,184508,206922
78744,123690,125767,141641,156783,175852,198104,210564
78745,180002,186724,209448,237670,262677,287277,304462
78746,696845,736715,814542,905835,961535,1004281,1034301
78747,175060,175393,189512,206701,224440,240887,254669
78748,190263,194607,214150,235580,256683,275308,289640
78749,231404,243585,272575,303063,323513,347093,363282
78750,269096,278614,306798,339548,363845,392379,409235
78751,291424,305260,345572,388445,415158,436909,454909
78752,169747,178790,206316,237604,268869,298516,309049
78753,144581,147176,162110,179965,199509,225012,243882
78754,165121,167499,180182,195146,211379,229582,243760
78756,342776,367228,406501,447557,474510,509095,528561
78757,263028,279358,316489,359261,387919,419214,437822
78758,146603,148904,164656,185410,210715,242409,263746
78759,300052,314291,348150,384391,410799,437759,453353
78801,76291,77941,81637,88592,96056,102558,113307
78829,32561,35138,34940,37598,41294,41370,47977
78833,63963,61758,64964,70967,73333,76246,80959
78834,60817,65267,69486,76220,87337,89300,93313
78837,71204,71707,74022,80564,84317,89740,99902
78838,186339,192402,202570,221440,243848,256949,272615
78839,44945,45706,47319,50549,54234,59608,62356
78840,86507,88008,91919,97220,103363,108745,113907
78850,127801,124520,127069,140717,155922,165933,179401
78852,85762,87971,93428,101514,109984,119080,125342
78853,74321,78281,82021,85669,89929,96977,105103
78860,69170,70529,72714,74394,78797,78758,78480
78861,107115,109244,113881,122859,132417,140422,151406
78870,67778,69556,73972,80148,86039,89758,96032
78872,51113,51471,52599,57220,62621,66337,71958
78877,72270,74849,78027,83531,89861,101714,109334
78881,68306,70091,73973,79740,87762,94611,101528
78884,130664,132688,138139,147531,158262,160398,171994
78885,128500,131559,137554,141452,141117,142048,151696
78886,126689,126210,126336,144047,149868,144454,152786
78931,175424,177646,190212,205219,228280,247545,270642
78932,182023,187792,198716,218623,230334,248508,261846
78933,212633,218773,232719,252124,276404,302713,326115
78934,121577,124214,130924,139888,149089,159151,168644
78935,154246,155540,163345,174565,188975,206120,219146
78938,75901,76691,84260,90391,93820,98440,100218
78940,171831,175994,185299,212878,235252,259232,279654
78941,126398,130304,134703,148866,160275,174065,187520
78942,123332,125977,130709,140169,150607,160469,168802
78943,65713,66246,69348,75666,79465,84731,90557
78944,163872,169715,181938,193999,207060,220797,237034
78945,143134,145318,152992,164703,174813,188486,201086
78946,158796,161391,170277,185828,200067,218059,231463
78947,142080,145383,151444,162356,176536,189805,205845
78948,143162,147316,154716,166008,182495,196713,213949
78949,241271,239953,252709,273467,301188,319686,335978
78950,195643,200988,214668,233261,253889,272582,293445
78951,69451,73901,78901,84777,94195,99776,106969
78953,183809,188184,201513,216889,236066,263038,279008
78954,228070,242863,261350,296918,326593,346017,372697
78956,116418,118808,125059,137477,148473,158600,168058
78957,125156,127145,134211,144960,155202,167966,179392
78959,86822,88571,93095,97850,103724,110944,122500
78960,169249,171895,181952,189807,195056,215615,231510
78962,100937,104127,111567,119760,128375,137640,145568
78963,191561,186408,195127,212798,236107,252598,266110
79007,46021,46862,48843,51622,54704,57581,60229
79009,54186,54516,58404,61517,64207,66132,70195
79012,189165,197663,203836,219544,227853,260915,259032
79013,55401,60105,61305,61191,69345,75473,80926
79015,146990,148128,152172,155054,160511,167898,172158
79019,83496,84549,86858,94118,99089,105737,110547
79027,45934,46395,48675,52078,55924,58754,62062
79029,74542,79580,85042,87486,94610,102726,111181
79031,28138,30029,32802,35478,36843,39344,43955
79032,64945,70361,72290,79536,88356,93634,101148
79035,65985,68162,72597,77461,81694,85906,91951
79036,68454,69525,72647,76566,80657,85187,89726
79039,59670,60434,63249,68679,73185,78874,81281
79041,48295,49088,50777,54311,58243,60177,62097
79042,59231,60541,63337,67610,72264,78078,82561
79043,44749,46316,48038,51270,55594,58465,60130
79045,45215,46989,50631,55776,60984,65864,72258
79052,39920,41332,43144,46105,49954,52507,54583
79057,30188,30530,29110,31801,34583,37894,38582
79058,208600,182706,185308,193342,195168,179045,171447
79063,92863,96314,104213,113580,124669,130614,150475
79064,32403,33763,36424,39185,42101,44740,47396
79065,43991,45562,48027,51672,55338,59089,61509
79068,89208,91018,95341,101607,107780,113337,118903
79072,59696,60470,62948,66864,70548,73349,76630
79080,39828,40803,42983,48520,51138,52773,54648
79083,55474,55509,57612,59873,63554,67721,71196
79085,111035,124981,131632,140528,150015,175686,186664
79086,68086,69362,70420,71045,75414,81649,87910
79088,37031,36671,37979,40547,43653,46177,48090
79094,90111,89098,93887,102040,111319,116126,118758
79096,78620,78621,79505,82461,88622,95796,98265
79097,65667,66482,70168,75730,79552,84503,89775
79098,148063,140444,144756,154199,165458,177142,198988
79101,62357,61993,63528,65804,64689,66537,66950
79102,79262,79301,81568,86513,89008,93232,96019
79103,79749,79452,80957,83380,85993,90318,92649
79104,53587,53238,54607,56699,59562,58916,62974
79106,89146,89196,92118,97455,99177,104066,106506
79107,49570,49625,51052,54427,56120,57644,60740
79108,98996,99080,102139,107661,110746,115730,118227
79109,135448,136041,139833,142873,146656,152806,156192
79110,92892,93625,95334,97148,99787,104522,107208
79118,144163,144871,149245,152171,156920,163181,166015
79119,221439,222590,230980,235487,240320,250207,254480
79121,175287,175411,179875,183466,188835,198100,200517
79124,209653,209954,216697,234583,241617,251096,252798
79201,38412,39072,40409,42763,45254,49754,52856
79226,57921,58911,61242,66013,71310,74687,77081
79235,33338,33564,34125,37598,43406,46870,50151
79237,44230,46922,50602,54801,57245,60751,65371
79241,54722,55470,56773,59688,60011,60308,64682
79250,38215,38885,40242,42884,46247,49493,53973
79311,69385,69953,72353,74337,78659,82552,86525
79313,51351,51233,53123,55521,59234,61448,63451
79316,46904,47423,49870,53526,57473,62765,66433
79322,37656,37910,39023,41126,43040,43868,44333
79323,92412,96843,99505,104504,111468,117744,124760
79325,83545,86274,91468,98140,105908,113278,121740
79329,114832,110945,116972,122722,121444,125103,137249
79331,42021,43407,46317,50255,53485,57442,62441
79336,79123,80390,84636,90600,97413,103695,110291
79339,32035,32253,33759,36292,38194,40361,43375
79342,205734,197530,198586,213933,225303,237344,251170
79343,47463,48286,50255,53044,56866,58765,58943
79345,58140,58327,61962,66354,69680,78948,85006
79347,52841,55584,60153,64643,69440,68923,70656
79350,79176,79017,80475,81485,83138,78699,76706
79357,41123,41008,42648,45839,48523,50001,50711
79358,100544,101463,106253,113534,118949,127693,138615
79359,57380,58078,60349,64298,69075,73526,79566
79360,102993,106630,113348,124009,135482,143868,155862
79363,144663,150427,154666,155209,153001,156359,173063
79364,51819,52690,53609,61089,60701,61465,65453
79366,224553,230455,233640,234208,223225,234138,255714
79367,67577,68226,71149,76829,82250,87903,93630
79370,52270,53778,56361,61389,64282,63768,63680
79372,64423,64237,68191,72437,77297,82374,88776
79378,54277,53202,56080,60402,66335,71296,71367
79380,55178,55324,57776,59653,62389,64201,63576
79382,166029,169394,169974,171546,166895,177394,191069
79401,89693,86804,80142,79386,75445,80235,90831
79403,45466,47078,51494,54484,57391,54880,54521
79404,58535,57991,54478,53700,51283,52032,53750
79407,119929,119142,119625,119205,113564,118841,129264
79410,102482,102194,104219,104335,103247,111792,122762
79411,58356,60545,62922,62432,60422,62589,71487
79412,74474,73022,73499,72194,68384,70448,78102
79413,112460,111782,112755,116129,114349,121619,134767
79414,92757,90599,88930,88963,87201,92928,102204
79415,58918,56726,59813,59607,55478,54383,61554
79416,124251,121506,121501,124762,120266,127400,139420
79423,145709,143840,145433,146362,142267,147764,159965
79424,187223,189808,195722,198152,192888,198255,209887
79501,55659,57025,60069,64436,68518,72749,76727
79503,27177,26945,28204,29778,31676,32805,35879
79504,63332,64237,66311,70218,74585,77925,81474
79506,42184,42388,45507,49249,55954,63082,67750
79508,109123,123639,130577,142570,143653,154724,155078
79510,89502,89786,93731,97882,104655,109940,117000
79511,64608,64194,68894,80237,89222,95193,104764
79517,48946,53502,59515,63960,67121,76193,84070
79520,49040,48611,51495,54216,59014,65329,68776
79525,85567,86762,91065,98800,105975,114607,122231
79526,64691,66193,70792,77012,85129,96362,104640
79527,63579,67761,71662,77597,82773,92839,100829
79532,56068,48949,55646,58776,61390,64598,67835
79535,85304,84999,89068,96554,108860,115982,124317
79536,63342,70741,73268,74829,80776,83555,82403
79537,117024,112256,115252,121929,127398,131631,137532
79538,44911,44146,46136,48320,42987,45962,50105
79541,169858,163060,167335,181670,194945,207913,209796
79545,50360,52345,56612,60326,66087,72347,79505
79546,73128,75835,78219,72987,69849,69209,73561
79549,59299,61139,64765,70424,76345,83629,90467
79553,49721,48566,50010,53304,57102,59881,62899
79556,46470,47048,49487,53460,57338,61599,65987
79562,197838,201846,206766,222877,226619,238806,241489
79563,58408,60591,60786,59365,65768,69278,68514
79566,101049,108563,115236,115887,122273,136980,153241
79567,25808,26458,27293,28930,31805,33086,35821
79601,88946,92910,93832,101107,103251,110532,114504
79602,129632,131944,133967,144144,147250,153703,158666
79603,63517,64640,66586,69193,71055,74072,77975
79605,86121,88927,91702,94979,96072,101960,105246
79606,155296,158502,162807,173794,175814,183650,187041
79701,114354,119219,134379,149064,148166,141554,144785
79703,116627,129582,144322,155288,156676,152559,156205
79705,192057,211326,232178,248471,245100,239120,250548
79706,178504,196145,216400,240882,249353,244212,256932
79707,223470,245608,267056,286531,282286,272725,285859
79713,108194,112344,123254,138531,147394,159524,178550
79714,88177,92093,97791,104888,115079,128181,141436
79719,47280,45677,47123,46044,47237,47959,44578
79720,60953,62439,68677,77175,86104,94402,105543
79731,71987,74380,78056,84357,94066,102577,113553
79733,49715,51933,56103,60603,68394,81887,95277
79741,68067,68987,72366,70301,75909,85339,86848
79745,34910,35944,37574,40327,44084,49056,54456
79748,121480,132687,148028,159449,165294,176685,195783
79749,162256,169624,183205,202794,217545,235672,254072
79755,234457,266570,270841,289632,273051,240510,236001
79756,63137,65061,70334,76499,84495,91401,100975
79758,185557,192922,209490,229339,243551,254879,271725
79761,84731,90003,96511,108372,118678,131102,137874
79762,117233,122418,133500,147501,159592,168251,175755
79763,79834,84836,94408,105928,116052,129525,135600
79764,87688,93939,105265,119937,133273,145145,152009
79765,193095,201139,216127,235258,249511,251700,256969
79766,109212,119190,133507,151853,163078,172727,175257
79772,54107,56882,61078,66697,69822,74424,83269
79782,110235,114931,120903,133300,148850,163159,177203
79788,41380,40331,42643,46176,50396,54451,59997
79789,45208,45679,47293,51696,55403,59936,64940
79821,110197,104751,102988,102966,104708,109833,112533
79830,127462,131402,138641,148234,158757,168845,180706
79831,271825,267894,274172,290105,298528,292175,312753
79835,96149,92052,91391,90482,98657,103743,103619
79836,118522,115353,114424,107512,106869,104152,109409
79838,60879,54244,52359,50695,55127,55061,55776
79842,89563,88979,89805,97687,101771,101213,106862
79849,85751,83400,84646,83730,86062,84968,91137
79852,104584,105106,107966,111342,110246,111286,122894
79901,119084,113071,108803,99046,90341,88280,88227
79902,148009,143954,146440,150139,149191,151272,161577
79903,89936,88317,89060,89476,88946,91703,96742
79904,97451,95005,96466,94717,92627,93108,97991
79905,78851,77866,78225,77891,76222,78841,82196
79907,88799,87218,88664,88707,88856,89989,95544
79911,233504,231019,232519,225908,224440,227908,231502
79912,176376,174243,175506,175104,174259,176804,183945
79915,85463,83676,85492,84949,82969,85665,90451
79922,222187,217456,222542,224082,221772,225886,235811
79924,99566,96917,97239,96235,95213,96001,102782
79925,130300,127795,129087,127783,128252,131543,136064
79927,102577,98659,98663,98165,99199,98775,104420
79928,143237,137937,138039,137127,138485,139924,143160
79930,93765,91618,92456,90933,90465,92120,97184
79932,179395,173134,173562,171305,170132,173835,178426
79934,139604,137210,136894,136352,136771,138523,142420
79935,135510,133265,135059,134935,134533,137922,143217
79936,118987,116965,117815,118582,118037,119846,123922
79938,149122,146247,146779,144924,145934,147505,151080
