35004,4930,510,40
35005,3300,180,0
35006,1230,140,0
35007,11990,1550,200
35010,8320,520,150
35014,1610,110,0
35016,7030,620,110
35019,930,60,0
35020,9970,170,0
35022,9490,1310,150
35023,10230,910,80
35031,2970,140,0
35033,1340,140,0
35034,1440,70,0
35035,550,60,0
35040,7130,650,70
35042,2220,200,0
35043,4550,1060,200
35044,3160,170,20
35045,5650,380,50
35046,2480,240,30
35049,1540,120,0
35051,3400,350,80
35053,1010,100,30
35054,1730,240,50
35055,7720,600,150
35057,5060,450,90
35058,4130,280,80
35061,650,30,0
35062,3220,390,30
35063,1250,70,0
35064,4740,190,20
35068,3600,280,30
35071,7290,1030,150
35072,1840,70,0
35073,1000,40,0
35077,5030,280,30
35078,910,90,0
35079,3400,290,30
35080,7210,1490,180
35083,1210,80,0
35085,3350,240,30
35087,840,50,0
35089,770,0,0
35091,1120,230,0
35094,6370,620,110
35096,3390,250,40
35097,740,60,0
35098,550,40,0
35111,6840,1110,130
35114,2930,540,60
35115,5180,360,50
35116,1960,280,30
35117,2690,390,50
35118,1380,140,0
35120,5640,550,50
35121,5920,470,100
35124,11530,1920,480
35125,4340,260,30
35126,9560,1120,110
35127,4290,460,30
35128,3950,480,90
35130,1230,90,0
35131,1530,90,0
35133,1570,140,0
35135,820,100,0
35136,690,50,0
35143,1190,140,0
35146,4370,630,90
35147,2240,380,60
35148,1160,80,0
35150,7280,460,60
35151,2900,240,30
35160,9790,480,90
35171,1330,140,0
35172,1170,50,0
35173,12130,2550,580
35175,2080,240,40
35176,340,0,0
35178,1470,110,0
35179,3760,260,50
35180,5600,650,60
35183,300,30,0
35184,2110,160,0
35186,1970,280,60
35188,1120,140,0
35203,1310,110,80
35204,4020,50,0
35205,7930,420,240
35206,6900,160,0
35207,3540,40,0
35208,6340,100,0
35209,12310,1610,870
35210,6670,630,140
35211,11600,270,50
35212,5000,180,30
35213,6760,1140,1600
35214,8440,400,30
35215,20360,690,40
35216,17050,2280,1130
35217,5430,160,0
35218,2880,20,0
35221,2000,30,0
35222,3810,440,250
35223,5250,1160,1500
35224,2340,40,0
35226,15860,3680,1280
35228,4550,80,0
35233,520,50,30
35234,2210,0,0
35235,9180,570,50
35242,24670,5200,3440
35243,9310,1670,1280
35244,15660,3440,1340
35401,9900,310,100
35404,7750,360,90
35405,17620,1620,230
35406,6420,1350,920
35441,440,20,0
35442,1970,60,30
35443,690,0,0
35444,1470,140,0
35446,800,70,0
35447,1320,70,0
35452,1570,160,0
35453,4780,370,40
35456,1840,150,0
35458,240,0,0
35459,350,0,0
35460,240,0,0
35461,690,40,0
35462,2010,110,0
35463,830,70,0
35464,250,0,0
35466,2250,220,0
35469,120,0,0
35470,1980,130,30
35473,6900,800,130
35474,2750,220,20
35475,6430,1160,200
35476,3900,130,40
35480,650,80,0
35481,1300,90,0
35490,1710,200,0
35501,3830,210,30
35503,3340,290,40
35504,5040,640,150
35540,930,50,0
35541,1240,130,30
35542,440,30,0
35543,370,0,0
35544,250,0,0
35546,1440,120,0
35548,600,30,0
35549,1360,70,0
35550,1910,140,0
35552,360,0,0
35553,1700,100,0
35554,390,30,0
35555,3750,240,40
35563,1550,110,0
35564,800,30,0
35565,4880,210,60
35570,3890,180,40
35571,320,0,0
35572,380,40,0
35574,560,30,0
35575,370,30,0
35576,1130,70,0
35578,1870,130,0
35579,1160,80,0
35580,1460,120,0
35581,1900,100,0
35582,1710,80,30
35585,610,50,0
35586,1600,80,0
35587,340,40,0
35592,1720,120,0
35593,670,30,0
35594,2810,260,40
35601,14470,810,240
35603,13700,1970,400
35610,740,50,0
35611,10190,780,130
35613,8690,1630,340
35614,2970,210,0
35616,1430,110,0
35618,810,50,0
35619,2080,170,0
35620,3600,320,40
35621,1150,110,0
35622,2670,190,0
35630,12740,820,200
35633,8490,790,130
35634,4450,550,220
35640,10590,1180,160
35643,1340,80,0
35645,5610,750,150
35646,1900,130,20
35647,430,40,0
35648,1540,140,0
35650,5390,470,40
35651,430,30,0
35652,3290,340,50
35653,4670,250,60
35654,3130,150,30
35660,3950,190,30
35661,7600,870,170
35670,3140,310,40
35671,900,110,0
35672,2520,220,0
35673,3340,380,30
35674,7680,670,90
35677,730,40,0
35739,2100,180,20
35740,1380,100,0
35741,1400,280,160
35744,930,40,0
35746,340,0,0
35747,2370,240,40
35748,2940,490,140
35749,10450,1980,280
35750,5600,580,60
35752,870,70,0
35754,2100,220,40
35755,240,30,0
35756,6040,1420,310
35757,6760,1540,250
35758,20300,4780,1380
35759,3600,670,90
35760,2090,180,30
35761,4970,700,120
35763,7040,2070,700
35764,220,0,0
35765,1470,90,0
35768,4820,280,70
35769,4110,470,130
35771,1390,90,0
35772,1920,130,0
35773,5320,580,60
35775,260,20,0
35776,1420,90,0
35801,10030,1800,930
35802,10850,2050,780
35803,12710,2610,520
35805,8940,150,0
35806,10170,1910,440
35808,400,110,0
35810,13780,530,40
35811,12330,1740,250
35816,5840,180,0
35824,3490,740,170
35901,7510,490,250
35903,7180,350,40
35904,5250,230,30
35905,2690,240,40
35906,4360,410,80
35907,3700,500,70
35950,8960,370,80
35951,4940,200,60
35952,2670,140,0
35953,2890,220,20
35954,4750,180,20
35956,3320,200,0
35957,6440,280,50
35958,1170,60,0
35959,1730,110,20
35960,3590,280,50
35961,2240,80,0
35962,2670,100,0
35963,570,0,0
35966,1330,70,0
35967,6080,300,70
35968,2310,140,40
35971,1710,100,0
35972,470,30,0
35973,1000,50,0
35974,690,30,0
35975,360,30,0
35976,6980,670,230
35978,2000,120,0
35979,540,20,0
35980,1810,70,0
35981,800,30,0
35983,1360,130,0
35984,760,80,0
35986,3150,190,30
35987,980,80,0
35988,680,20,0
35989,1200,80,0
36003,810,60,0
36005,700,40,0
36006,590,40,0
36009,1030,70,20
36010,2160,120,0
36013,210,60,0
36016,1310,60,0
36017,630,0,0
36020,540,40,0
36022,5530,790,60
36024,2580,210,50
36025,1680,140,0
36026,430,50,0
36027,6400,440,70
36028,700,40,0
36029,380,50,0
36030,190,0,0
36032,1050,30,0
36033,1590,60,0
36034,330,0,0
36035,790,70,0
36036,810,40,0
36037,5510,320,60
36040,1610,40,0
36041,570,20,0
36042,560,40,0
36043,1660,180,0
36046,570,40,0
36047,630,30,0
36048,590,30,0
36049,2290,140,30
36051,920,70,0
36052,380,70,30
36053,850,40,0
36054,6540,610,80
36064,4180,860,300
36066,8430,1130,100
36067,10930,1240,160
36069,840,70,0
36071,380,20,0
36075,850,50,0
36078,5580,420,70
36079,3530,300,50
36080,1010,120,20
36081,5920,410,110
36083,3640,130,0
36088,1170,30,0
36089,2990,110,0
36091,1510,110,0
36092,8460,700,90
36093,4810,1040,160
36104,2660,110,40
36105,5080,200,40
36106,6770,820,330
36107,3500,60,0
36108,8470,150,20
36109,11510,1030,140
36110,5050,70,0
36111,5840,470,330
36113,330,70,0
36115,280,0,0
36116,19080,980,240
36117,21980,2900,1000
36201,6710,140,0
36203,8250,730,120
36205,270,40,0
36206,4650,250,0
36207,8130,840,250
36250,2020,200,0
36251,2080,130,0
36255,350,0,0
36256,600,30,0
36258,600,40,0
36260,1620,80,0
36262,500,20,0
36263,260,20,0
36264,3440,240,30
36265,7560,670,100
36266,2120,110,30
36268,2250,150,0
36269,440,0,0
36271,2360,170,30
36272,4780,230,30
36273,1060,90,0
36274,4280,180,30
36276,870,50,0
36277,2320,130,0
36278,1800,160,40
36279,1040,80,0
36280,1450,100,0
36301,15070,980,190
36303,13190,1120,430
36305,6730,970,360
36310,2490,150,30
36311,1040,90,0
36312,2440,180,40
36314,240,0,0
36316,780,90,0
36317,170,0,0
36318,470,50,0
36319,920,110,0
36320,1390,80,0
36321,740,50,0
36322,3490,260,20
36323,3010,180,40
36330,14450,1910,250
36340,2080,130,30
36343,610,30,0
36344,2100,160,0
36345,3430,370,60
36346,500,40,0
36350,2960,190,40
36351,1390,170,0
36352,2120,210,30
36353,850,60,0
36360,7820,620,70
36362,1400,70,0
36370,390,0,0
36373,230,0,0
36374,490,50,0
36375,2830,170,20
36376,940,70,0
36401,3020,150,30
36420,4620,360,120
36421,3480,340,80
36425,390,0,0
36426,5710,440,60
36432,980,50,0
36435,240,0,0
36436,180,0,0
36441,1410,110,0
36442,1150,70,0
36444,240,0,0
36445,1530,100,0
36451,1950,180,30
36453,850,90,0
36456,720,40,0
36460,3320,320,60
36467,3840,240,50
36471,420,0,0
36474,1150,80,20
36475,720,50,0
36477,1720,90,30
36480,720,70,0
36481,140,0,0
36482,390,0,0
36483,190,0,0
36502,6120,340,60
36505,610,60,0
36507,7800,630,100
36509,880,40,0
36511,440,0,0
36518,1110,130,30
36521,2070,190,0
36522,2870,210,0
36523,1080,90,20
36524,430,30,0
36525,890,90,0
36526,14110,2250,510
36527,5810,1310,430
36528,690,100,20
36529,250,30,0
36530,3100,230,50
36532,12680,1990,780
36535,11700,700,120
36538,140,0,0
36539,260,40,0
36540,360,0,0
36541,5900,560,80
36542,5730,550,170
36544,4450,250,40
36545,3780,350,40
36548,510,80,0
36549,2190,190,20
36551,3610,310,40
36553,1280,80,0
36555,610,70,30
36558,1320,140,0
36560,1360,50,0
36561,3610,510,250
36562,690,40,0
36567,5390,360,60
36569,310,40,0
36571,6700,750,100
36572,2960,410,40
36574,550,60,0
36575,8250,660,70
36576,1830,160,0
36578,830,100,0
36579,750,80,0
36580,2390,130,30
36582,10080,680,150
36583,250,30,0
36584,260,30,0
36585,400,40,0
36587,4110,290,40
36602,490,40,20
36603,2820,60,0
36604,4100,360,120
36605,11860,330,100
36606,8130,410,100
36607,2730,160,110
36608,15490,1420,980
36609,10640,760,180
36610,4750,40,0
36611,2470,70,0
36612,1840,0,0
36613,5040,230,0
36617,5660,70,0
36618,7630,360,50
36619,6500,660,160
36693,8730,990,290
36695,20900,3030,720
36701,9320,500,130
36703,4590,180,0
36720,320,0,0
36722,160,0,0
36726,1870,130,30
36728,240,0,0
36732,3570,320,70
36736,520,40,0
36738,370,0,0
36740,480,30,0
36742,980,90,0
36744,2590,120,20
36748,1310,120,0
36749,400,20,0
36750,1210,80,0
36751,340,0,0
36752,740,100,0
36754,120,0,0
36756,2200,100,0
36758,520,30,0
36759,610,30,0
36761,430,0,0
36765,510,0,0
36767,770,20,0
36768,310,20,0
36769,1130,60,0
36773,180,0,0
36775,350,0,0
36776,620,0,0
36782,860,100,0
36783,350,30,0
36784,3170,310,40
36785,520,30,0
36786,1300,0,0
36790,120,0,0
36792,440,30,0
36793,220,0,0
36801,9700,670,160
36804,7650,450,80
36830,15290,2470,860
36832,7720,550,120
36850,1090,30,0
36852,1000,40,0
36853,3530,310,100
36854,6670,340,40
36855,570,30,0
36856,2690,180,0
36858,200,0,0
36860,700,0,0
36861,1270,130,40
36862,2470,120,0
36863,5230,190,40
36866,1620,80,0
36867,8840,600,90
36869,9170,250,30
36870,7480,450,30
36871,440,40,0
36874,3350,300,50
36875,1930,110,20
36877,5050,480,50
36879,890,170,0
36904,1650,150,30
36907,690,30,0
36908,910,100,20
36912,710,20,0
36915,200,20,0
36916,240,30,0
36919,740,60,0
36921,430,40,0
36922,240,0,0
36925,1280,30,0
