35004,4980,590,50
35005,3250,180,0
35006,1250,150,0
35007,12020,1700,220
35010,8120,540,150
35014,1650,140,0
35016,6990,680,100
35019,910,70,0
35020,9720,170,0
35022,9540,1350,180
35023,10130,960,90
35031,2860,170,0
35033,1340,130,20
35034,1430,90,0
35035,560,70,0
35040,7200,680,60
35042,2220,190,20
35043,4620,1140,210
35044,3190,190,30
35045,5600,420,60
35046,2430,240,40
35049,1510,150,0
35051,3390,390,100
35053,960,110,40
35054,1750,250,50
35055,7870,680,170
35057,5160,490,90
35058,4200,320,90
35061,620,30,0
35062,3230,400,40
35063,1220,80,0
35064,4700,210,0
35068,3650,300,30
35071,7280,1010,170
35072,1800,80,0
35073,980,50,0
35077,5120,300,30
35078,900,90,0
35079,3430,310,30
35080,7420,1540,230
35083,1150,90,0
35085,3390,250,20
35087,790,50,0
35089,750,20,0
35091,1140,270,0
35094,6260,630,130
35096,3360,270,40
35097,760,60,0
35098,570,40,0
35111,6860,1240,130
35114,2930,580,70
35115,5190,390,60
35116,1980,290,40
35117,2660,440,50
35118,1330,150,0
35120,5900,650,50
35121,5890,510,110
35124,11490,2010,510
35125,4370,290,40
35126,9510,1190,110
35127,4320,470,40
35128,4040,510,100
35130,1240,100,0
35131,1490,100,0
35133,1560,130,0
35135,820,110,0
35136,670,60,0
35143,1200,130,30
35146,4300,650,100
35147,2290,400,70
35148,1130,80,0
35150,7220,460,70
35151,2840,240,20
35160,9790,510,80
35171,1350,160,0
35172,1120,70,0
35173,12170,2680,630
35175,2110,250,40
35176,360,20,0
35178,1430,90,20
35179,3720,300,50
35180,5600,700,60
35183,290,30,0
35184,2120,160,0
35186,1970,300,80
35188,1120,160,0
35203,1330,140,90
35204,3870,50,0
35205,8190,410,280
35206,6880,160,0
35207,3500,40,0
35208,6320,110,0
35209,12570,1740,970
35210,6620,660,150
35211,11470,270,40
35212,5020,200,40
35213,6770,1180,1680
35214,8470,400,30
35215,20480,730,30
35216,16900,2360,1210
35217,5270,170,0
35218,2730,20,0
35221,1980,0,0
35222,3850,490,270
35223,5430,1160,1600
35224,2250,50,0
35226,15940,3870,1370
35228,4470,70,0
35233,500,60,30
35234,2090,20,0
35235,9140,580,60
35242,25200,5370,3690
35243,9340,1740,1330
35244,15780,3530,1460
35401,10330,310,120
35404,7950,400,100
35405,17830,1740,250
35406,6470,1360,980
35441,430,20,0
35442,1950,80,20
35443,710,0,0
35444,1540,160,0
35446,800,70,0
35447,1300,80,0
35452,1550,180,0
35453,4750,410,50
35456,1810,140,20
35458,230,0,0
35459,330,0,0
35460,230,0,0
35461,710,50,0
35462,1940,70,20
35463,780,80,0
35464,250,0,0
35466,2270,230,0
35469,130,0,0
35470,1900,130,30
35473,6960,870,130
35474,2760,250,20
35475,6500,1240,210
35476,3850,140,40
35480,660,90,0
35481,1310,90,0
35490,1800,230,0
35501,3840,240,40
35503,3330,300,40
35504,5060,670,140
35540,920,60,0
35541,1240,140,40
35542,410,30,0
35543,370,0,0
35544,250,0,0
35546,1430,130,0
35548,590,30,0
35549,1370,90,0
35550,1890,150,0
35552,350,0,0
35553,1690,110,0
35554,380,30,0
35555,3760,260,40
35563,1520,130,0
35564,760,40,0
35565,4720,240,60
35570,3900,200,50
35571,320,0,0
35572,390,40,0
35574,560,40,0
35575,360,20,0
35576,1140,90,0
35578,1860,130,0
35579,1150,100,0
35580,1440,140,0
35581,1930,110,0
35582,1670,90,30
35585,580,60,0
35586,1580,80,0
35587,320,30,0
35592,1650,140,0
35593,640,30,0
35594,2820,250,50
35601,14440,840,260
35603,13790,2120,460
35610,730,70,0
35611,10160,820,140
35613,8670,1780,360
35614,3060,220,30
35616,1460,120,0
35618,790,50,0
35619,2090,190,0
35620,3620,340,30
35621,1150,110,0
35622,2650,220,0
35630,12690,850,240
35633,8500,840,140
35634,4430,550,230
35640,10680,1300,180
35643,1300,80,0
35645,5650,810,180
35646,1840,130,30
35647,440,40,0
35648,1520,160,0
35650,5380,520,60
35651,440,40,0
35652,3340,360,70
35653,4670,250,60
35654,3150,180,30
35660,3890,230,30
35661,7680,910,220
35670,3240,340,40
35671,890,110,0
35672,2480,220,30
35673,3470,410,40
35674,7710,730,100
35677,750,60,0
35739,2070,220,20
35740,1380,110,0
35741,1400,290,170
35744,890,40,0
35746,330,0,0
35747,2340,280,40
35748,2940,520,170
35749,10700,2120,310
35750,5650,630,70
35752,860,70,0
35754,2110,230,40
35755,240,30,0
35756,6350,1540,340
35757,6860,1610,270
35758,20810,4950,1590
35759,3660,710,100
35760,2070,190,40
35761,5010,730,130
35763,7140,2200,770
35764,240,0,0
35765,1460,100,0
35768,4760,320,70
35769,4110,530,130
35771,1380,90,0
35772,1920,140,0
35773,5320,590,90
35775,300,20,0
35776,1410,90,0
35801,10060,1880,1000
35802,11010,2090,840
35803,12870,2770,580
35805,9120,140,0
35806,10480,1970,460
35808,400,110,0
35810,13670,550,50
35811,12410,1840,300
35816,5850,140,20
35824,3740,820,200
35901,7470,520,270
35903,7170,380,50
35904,5270,230,40
35905,2660,250,40
35906,4330,430,100
35907,3670,540,80
35950,8890,410,90
35951,4940,210,50
35952,2680,170,0
35953,2920,240,20
35954,4690,200,20
35956,3330,200,20
35957,6280,310,60
35958,1160,80,0
35959,1730,130,20
35960,3630,320,50
35961,2240,90,0
35962,2690,110,0
35963,580,20,0
35966,1340,80,0
35967,6170,330,80
35968,2270,140,40
35971,1740,100,20
35972,510,40,0
35973,1000,50,0
35974,700,40,0
35975,360,20,0
35976,7010,690,260
35978,1960,120,0
35979,540,30,0
35980,1800,90,0
35981,820,40,0
35983,1380,120,0
35984,750,70,0
35986,3110,240,30
35987,970,90,0
35988,690,30,0
35989,1240,80,30
36003,770,50,0
36005,680,50,0
36006,570,50,0
36009,1010,80,20
36010,2090,110,0
36013,200,50,0
36016,1220,60,0
36017,610,0,0
36020,530,30,0
36022,5590,850,70
36024,2590,210,60
36025,1630,170,0
36026,420,60,0
36027,6260,440,70
36028,700,50,0
36029,360,50,0
36030,190,0,0
36032,1070,40,0
36033,1630,80,0
36034,320,20,0
36035,810,70,0
36036,820,50,0
36037,5560,330,70
36039,120,0,0
36040,1570,40,0
36041,570,30,0
36042,530,40,0
36043,1700,190,30
36046,580,50,0
36047,610,40,0
36048,570,30,0
36049,2290,160,40
36051,940,60,0
36052,390,80,30
36053,790,30,0
36054,6590,690,80
36064,4340,940,330
36066,8620,1260,140
36067,11010,1300,180
36069,810,60,0
36071,350,0,0
36075,840,50,0
36078,5610,430,80
36079,3570,320,70
36080,1010,140,30
36081,5870,430,120
36083,3670,130,0
36088,1090,30,0
36089,2930,80,20
36091,1530,130,0
36092,8610,740,90
36093,4750,1100,180
36104,2580,120,50
36105,4790,200,40
36106,6860,800,370
36107,3360,80,0
36108,8210,160,0
36109,11430,1000,170
36110,4980,80,0
36111,5770,490,340
36113,370,80,0
36115,280,0,0
36116,19070,1030,230
36117,22230,2970,1080
36201,6680,160,0
36203,8380,810,130
36205,240,50,0
36206,4670,250,20
36207,8300,860,270
36250,2060,230,0
36251,2050,140,0
36255,350,30,0
36256,620,40,0
36258,610,50,0
36260,1670,100,0
36262,500,30,0
36263,250,20,0
36264,3440,250,40
36265,7610,720,100
36266,2160,120,30
36268,2170,140,20
36269,460,30,0
36271,2400,190,30
36272,4760,280,20
36273,1030,110,0
36274,4340,190,30
36276,860,50,0
36277,2300,150,0
36278,1840,170,40
36279,1050,90,0
36280,1450,110,0
36301,15180,1030,210
36303,12770,1100,440
36305,6830,1030,390
36310,2490,160,40
36311,1020,100,0
36312,2410,200,30
36314,250,20,0
36316,750,90,0
36317,170,0,0
36318,470,50,0
36319,880,100,0
36320,1360,100,0
36321,750,50,0
36322,3430,270,20
36323,2980,190,40
36330,14670,2030,290
36340,2060,130,30
36343,600,30,0
36344,2110,160,20
36345,3470,380,60
36346,550,60,0
36350,2910,210,40
36351,1420,170,20
36352,2090,220,30
36353,810,60,0
36360,7740,670,70
36362,1470,70,0
36370,370,0,0
36373,230,0,0
36374,470,60,0
36375,2790,180,20
36376,940,70,0
36401,2920,140,30
36420,4560,350,130
36421,3490,400,90
36425,370,0,0
36426,5710,460,80
36432,990,60,0
36435,200,0,0
36436,210,0,0
36441,1460,100,20
36442,1170,70,0
36444,250,0,0
36445,1560,110,0
36451,1970,190,40
36453,850,110,0
36456,730,50,0
36460,3370,330,70
36467,3850,260,60
36471,400,0,0
36474,1130,100,0
36475,750,60,0
36477,1700,100,20
36480,710,80,0
36481,120,0,0
36482,390,0,0
36483,190,0,0
36502,6060,360,70
36505,640,70,0
36507,7960,680,110
36509,830,30,0
36511,420,30,0
36518,1100,160,30
36521,2030,210,0
36522,2880,250,0
36523,1080,90,20
36524,430,40,0
36525,840,120,0
36526,14090,2370,560
36527,5910,1380,500
36528,640,100,30
36529,240,30,0
36530,3090,260,60
36532,12950,2090,850
36535,11900,780,130
36538,140,0,0
36539,260,40,0
36540,360,0,0
36541,5690,580,80
36542,5980,600,170
36544,4470,310,30
36545,3730,340,50
36548,490,80,0
36549,2170,200,30
36551,3690,340,40
36553,1280,100,0
36555,580,70,30
36558,1310,140,20
36560,1370,60,0
36561,3640,540,250
36562,700,40,0
36567,5620,400,50
36569,320,50,0
36571,6700,830,110
36572,2970,470,40
36574,590,70,0
36575,8240,730,80
36576,1890,160,30
36578,820,120,0
36579,700,80,0
36580,2290,130,30
36582,9900,740,160
36583,250,50,0
36584,270,30,0
36585,400,50,0
36587,4060,300,50
36602,470,50,30
36603,2730,60,0
36604,4100,390,130
36605,11410,310,120
36606,8320,450,100
36607,2750,160,110
36608,15550,1470,1010
36609,10810,780,200
36610,4480,40,0
36611,2420,80,0
36612,1820,0,0
36613,4890,240,20
36617,5660,70,0
36618,7550,420,40
36619,6460,690,170
36693,8690,1000,280
36695,21010,3220,720
36701,9140,520,140
36703,4570,180,0
36720,300,0,0
36722,150,0,0
36726,1870,130,30
36728,240,0,0
36732,3550,320,80
36736,510,30,0
36738,380,0,0
36740,470,30,0
36742,940,110,0
36744,2610,110,20
36748,1290,130,0
36749,410,20,0
36750,1190,100,0
36751,320,0,0
36752,750,80,20
36754,100,0,0
36756,2110,110,0
36758,540,40,0
36759,620,40,0
36761,430,30,0
36765,490,0,0
36767,710,20,0
36768,310,0,0
36769,1140,60,0
36773,150,0,0
36775,320,0,0
36776,590,0,0
36782,850,90,0
36783,330,30,0
36784,3160,310,50
36785,500,40,0
36786,1270,20,0
36790,110,0,0
36792,470,30,0
36793,210,0,0
36801,9760,710,180
36804,7720,550,80
36830,15920,2670,950
36832,8060,600,140
36850,1060,30,0
36852,1020,40,0
36853,3440,350,90
36854,6650,350,40
36855,540,30,0
36856,2720,200,0
36858,190,0,0
36860,660,20,0
36861,1300,140,40
36862,2450,130,0
36863,5140,220,50
36866,1620,90,0
36867,8690,630,100
36869,8350,260,30
36870,7360,510,30
36871,420,40,0
36874,3350,340,50
36875,1880,110,30
36877,4970,480,60
36879,920,160,30
36904,1660,160,40
36907,670,30,0
36908,910,100,20
36912,710,30,0
36915,200,20,0
36916,240,20,0
36919,730,70,0
36921,430,50,0
36922,230,0,0
36925,1260,30,0
