35004,5110,620,60
35005,3260,190,0
35006,1230,140,0
35007,12170,1780,240
35010,8160,550,180
35014,1610,110,20
35016,7010,720,110
35019,890,70,0
35020,9570,170,0
35022,9770,1360,190
35023,10280,960,80
35031,2900,180,20
35033,1320,130,30
35034,1410,90,0
35035,550,70,0
35040,7470,820,80
35042,2250,200,30
35043,4800,1240,240
35044,3120,230,30
35045,5550,460,60
35046,2370,250,40
35049,1530,160,0
35051,3310,400,110
35053,1040,130,30
35054,1780,260,60
35055,7910,730,180
35057,5180,510,110
35058,4290,360,80
35061,650,40,0
35062,3240,430,40
35063,1210,80,0
35064,4520,210,0
35068,3720,290,40
35071,7440,1130,190
35072,1780,80,0
35073,970,50,0
35077,5130,330,40
35078,920,100,0
35079,3440,370,30
35080,7690,1690,250
35083,1200,100,0
35085,3310,270,30
35087,820,50,0
35089,730,30,0
35091,1180,270,20
35094,6370,690,140
35096,3350,290,40
35097,770,70,0
35098,550,50,0
35111,6880,1240,140
35114,2970,620,80
35115,5240,430,70
35116,2000,290,50
35117,2630,430,60
35118,1320,130,0
35120,5960,650,70
35121,5860,480,130
35124,11630,2070,600
35125,4470,300,40
35126,9560,1190,120
35127,4360,470,40
35128,4120,570,110
35130,1210,100,0
35131,1490,100,0
35133,1540,150,0
35135,790,110,0
35136,690,60,0
35143,1220,140,30
35146,4420,670,130
35147,2350,400,100
35148,1100,90,0
35150,7110,490,70
35151,2940,290,30
35160,9740,510,90
35171,1360,170,0
35172,1150,70,0
35173,12310,2780,750
35175,2130,260,40
35176,330,20,0
35178,1390,110,20
35179,3750,310,60
35180,5720,750,70
35183,280,30,0
35184,2100,180,0
35186,2000,330,90
35188,1160,150,0
35203,1300,130,90
35204,3720,50,0
35205,8070,450,290
35206,6680,160,0
35207,3390,40,0
35208,6080,100,0
35209,12450,1800,1110
35210,6750,690,200
35211,11270,300,50
35212,4880,220,40
35213,6700,1220,1750
35214,8330,430,30
35215,20700,760,50
35216,16820,2400,1300
35217,5140,170,0
35218,2700,30,0
35221,1880,20,0
35222,3800,490,290
35223,5540,1160,1700
35224,2250,50,0
35226,16230,4000,1570
35228,4320,60,0
35233,590,60,40
35234,2020,0,0
35235,9230,580,50
35242,25260,5470,3920
35243,9520,1760,1430
35244,16170,3650,1570
35401,10230,330,120
35404,8120,430,100
35405,18300,1750,280
35406,6600,1450,1030
35441,440,20,0
35442,1910,70,30
35443,690,0,0
35444,1520,150,0
35446,850,80,0
35447,1260,90,0
35452,1570,170,0
35453,4800,440,50
35456,1820,140,20
35458,220,20,0
35459,340,0,0
35460,220,0,0
35461,690,50,0
35462,1910,90,0
35463,770,80,0
35464,200,0,0
35466,2270,230,30
35469,140,0,0
35470,1880,140,30
35473,7130,900,140
35474,2820,270,20
35475,6680,1290,260
35476,3760,160,40
35480,660,90,0
35481,1300,90,0
35490,1760,250,0
35501,3920,270,50
35503,3340,310,40
35504,5090,740,150
35540,920,60,0
35541,1250,150,40
35542,420,40,0
35543,380,20,0
35544,240,0,0
35546,1460,140,0
35548,560,20,0
35549,1350,90,0
35550,1890,150,20
35552,350,0,0
35553,1700,120,0
35554,430,40,0
35555,3730,250,50
35563,1530,110,20
35564,770,40,0
35565,4750,250,70
35570,3920,220,40
35571,330,0,0
35572,360,40,0
35574,550,50,0
35575,360,30,0
35576,1150,110,0
35578,1840,130,0
35579,1150,110,0
35580,1480,140,0
35581,1920,110,0
35582,1660,90,40
35585,590,60,0
35586,1580,100,0
35587,320,40,0
35592,1670,140,0
35593,660,40,0
35594,2830,280,40
35601,14070,850,250
35603,13940,2130,440
35610,750,60,0
35611,10300,840,160
35613,8790,1840,410
35614,3050,230,30
35616,1440,120,0
35618,760,40,0
35619,2100,190,0
35620,3700,360,40
35621,1170,130,0
35622,2660,210,20
35630,12720,870,220
35633,8570,880,160
35634,4430,570,230
35640,10640,1360,180
35643,1280,90,0
35645,5660,800,180
35646,1790,140,20
35647,430,30,0
35648,1500,150,0
35650,5450,530,40
35651,430,40,0
35652,3310,360,50
35653,4740,280,70
35654,3120,180,20
35660,3830,210,40
35661,7750,940,220
35670,3120,340,40
35671,910,100,0
35672,2470,230,0
35673,3440,400,30
35674,7770,760,110
35677,740,60,0
35739,2110,230,30
35740,1360,100,0
35741,1460,270,180
35744,920,50,0
35746,350,0,0
35747,2350,280,40
35748,3010,560,210
35749,10920,2200,360
35750,5840,670,70
35752,840,80,0
35754,2140,230,50
35755,270,40,0
35756,6810,1700,390
35757,7070,1680,300
35758,20930,5080,1660
35759,3850,750,100
35760,2060,190,30
35761,5100,770,130
35763,7520,2250,850
35764,240,0,0
35765,1460,110,0
35768,4790,350,80
35769,4150,520,170
35771,1370,100,0
35772,1870,130,0
35773,5400,640,90
35775,270,20,0
35776,1390,100,0
35801,10120,1990,1090
35802,11130,2130,880
35803,13060,2820,650
35805,8870,150,0
35806,10890,2060,500
35808,410,110,20
35810,13530,540,50
35811,12510,1890,300
35816,5870,130,20
35824,3850,910,200
35901,7420,540,290
35903,7210,400,50
35904,5210,290,30
35905,2660,260,40
35906,4490,480,90
35907,3750,570,80
35950,8910,460,80
35951,5030,220,50
35952,2670,170,0
35953,2960,250,30
35954,4700,200,30
35956,3390,220,30
35957,6400,340,70
35958,1170,80,0
35959,1730,130,20
35960,3610,340,60
35961,2250,100,0
35962,2620,100,0
35963,600,20,0
35966,1310,90,0
35967,6100,350,90
35968,2230,150,40
35971,1740,110,20
35972,480,50,0
35973,1000,50,0
35974,740,40,0
35975,370,20,0
35976,6970,720,290
35978,2020,130,0
35979,540,30,0
35980,1810,100,0
35981,810,50,0
35983,1380,110,20
35984,760,80,0
35986,3090,240,40
35987,960,90,0
35988,680,40,0
35989,1230,90,20
36003,790,60,0
36005,660,60,0
36006,570,60,0
36009,1040,80,30
36010,2100,120,0
36013,210,60,0
36016,1240,60,0
36017,590,0,0
36020,510,30,0
36022,5650,960,90
36024,2540,250,70
36025,1630,160,0
36026,400,60,0
36027,6120,460,70
36028,710,50,0
36029,390,60,0
36030,180,0,0
36032,1040,50,0
36033,1540,90,0
36034,310,20,0
36035,800,70,0
36036,820,60,0
36037,5550,350,70
36039,100,0,0
36040,1600,40,0
36041,570,30,0
36042,550,40,0
36043,1670,180,30
36046,580,60,0
36047,600,40,0
36048,570,30,0
36049,2260,160,40
36051,930,80,0
36052,400,90,30
36053,800,40,0
36054,6630,710,90
36064,4570,1040,390
36066,8770,1360,160
36067,11070,1390,200
36069,830,80,0
36071,340,0,0
36075,860,50,0
36078,5590,490,80
36079,3600,350,60
36080,1000,150,30
36081,5810,420,130
36083,3570,130,0
36088,1060,30,0
36089,2960,120,0
36091,1510,110,20
36092,8630,820,110
36093,4870,1090,210
36104,2620,130,60
36105,4660,190,40
36106,6780,850,370
36107,3240,80,0
36108,7940,160,20
36109,11350,1050,150
36110,4990,100,0
36111,5750,450,360
36113,350,80,0
36115,280,0,0
36116,18710,1040,240
36117,22460,3060,1120
36201,6620,160,0
36203,8490,810,130
36205,280,40,0
36206,4600,240,20
36207,8270,880,270
36250,2050,210,20
36251,2040,150,0
36255,350,30,0
36256,610,40,0
36258,610,60,0
36260,1640,90,0
36262,510,40,0
36263,260,20,0
36264,3410,270,40
36265,7750,690,110
36266,2200,140,30
36268,2160,140,20
36269,450,30,0
36271,2380,190,30
36272,4770,280,30
36273,1010,110,0
36274,4310,220,30
36276,840,60,0
36277,2330,140,0
36278,1840,180,40
36279,1070,90,0
36280,1370,120,0
36301,15070,1170,210
36303,12970,1180,480
36305,6790,1070,410
36310,2440,180,30
36311,1040,110,0
36312,2370,220,40
36314,250,20,0
36316,770,100,0
36317,160,0,0
36318,470,60,0
36319,880,110,0
36320,1340,100,0
36321,740,50,0
36322,3430,250,30
36323,2960,210,40
36330,15050,2090,320
36340,2060,130,30
36343,580,30,0
36344,2070,160,20
36345,3490,410,80
36346,550,60,0
36350,2950,240,40
36351,1430,170,20
36352,2090,240,40
36353,830,70,0
36360,7730,680,90
36362,1560,90,0
36370,400,20,0
36373,210,0,0
36374,480,60,0
36375,2750,190,20
36376,880,60,0
36401,2810,130,30
36420,4550,370,120
36421,3540,410,90
36425,360,0,0
36426,5730,480,70
36432,970,60,0
36435,200,0,0
36436,190,0,0
36441,1420,110,20
36442,1130,80,0
36444,220,0,0
36445,1570,120,0
36451,1910,190,40
36453,870,110,0
36456,720,50,0
36460,3300,330,70
36467,3780,280,70
36471,390,20,0
36474,1120,100,0
36475,720,60,0
36477,1700,110,30
36480,700,70,0
36481,110,0,0
36482,400,0,0
36483,170,0,0
36502,6170,400,60
36505,620,70,0
36507,7930,710,120
36509,830,40,0
36511,420,20,0
36518,1060,150,30
36521,1970,210,20
36522,2830,260,0
36523,1060,100,0
36524,420,40,0
36525,820,130,0
36526,14640,2630,620
36527,6160,1500,520
36528,680,120,30
36529,240,30,0
36530,3270,270,70
36532,13420,2220,970
36535,12140,880,120
36538,150,0,0
36539,270,40,0
36540,370,0,0
36541,5850,610,90
36542,6040,650,200
36544,4490,290,40
36545,3720,370,50
36548,490,90,0
36549,2140,230,30
36551,3750,380,50
36553,1280,110,0
36555,570,80,40
36558,1330,170,0
36560,1380,70,0
36561,3790,570,280
36562,730,60,0
36567,5740,440,60
36569,310,40,0
36571,6840,890,140
36572,2920,490,50
36574,560,70,0
36575,8420,820,90
36576,1870,170,20
36578,820,130,0
36579,730,90,0
36580,2410,180,30
36582,10010,780,170
36583,240,50,0
36584,270,30,0
36585,380,40,0
36587,4140,340,50
36602,460,50,20
36603,2590,50,0
36604,4020,390,140
36605,11400,350,120
36606,8360,480,120
36607,2730,170,110
36608,15480,1500,1060
36609,10720,810,210
36610,4420,20,0
36611,2360,70,0
36612,1750,0,0
36613,4860,260,0
36617,5540,80,0
36618,7660,430,60
36619,6330,740,180
36693,8730,1040,290
36695,21450,3360,760
36701,9020,570,120
36703,4410,140,20
36720,320,0,0
36722,150,0,0
36726,1840,130,30
36728,270,0,0
36732,3490,360,80
36736,500,30,0
36738,370,0,0
36740,480,20,0
36742,940,120,0
36744,2620,120,20
36748,1320,150,0
36749,390,40,0
36750,1150,100,0
36751,340,0,0
36752,730,90,0
36754,100,0,0
36756,2070,110,0
36758,500,40,0
36759,590,30,0
36761,390,20,0
36765,490,0,0
36767,730,30,0
36768,300,0,0
36769,1110,50,0
36773,160,0,0
36775,310,0,0
36776,590,0,0
36782,840,90,0
36783,320,30,0
36784,3160,330,40
36785,490,30,0
36786,1270,20,0
36790,110,0,0
36792,480,40,0
36793,190,0,0
36801,9690,770,190
36804,7960,580,110
36830,16360,2790,1030
36832,8380,690,150
36850,1050,40,0
36852,1020,40,0
36853,3430,390,110
36854,6680,380,40
36855,570,40,0
36856,2730,230,0
36858,200,0,0
36860,670,20,0
36861,1320,150,40
36862,2380,110,20
36863,5020,250,50
36866,1600,100,0
36867,8560,670,110
36869,8120,290,30
36870,7360,550,40
36871,400,30,0
36874,3440,350,70
36875,1880,120,20
36877,4930,520,70
36879,980,190,40
36904,1560,160,30
36907,650,30,0
36908,870,130,0
36912,680,0,0
36915,220,30,0
36916,230,30,0
36919,730,70,0
36921,430,60,0
36922,240,0,0
36925,1210,30,0
