35004,5210,630,60
35005,3100,180,0
35006,1200,130,0
35007,11940,1820,240
35010,7910,620,180
35014,1620,120,30
35016,7130,720,130
35019,890,80,0
35020,9050,160,20
35022,9800,1300,200
35023,10050,900,70
35031,2860,180,20
35033,1380,140,40
35034,1390,80,0
35035,570,60,0
35040,7590,760,80
35042,2200,210,20
35043,5070,1270,270
35044,3060,220,30
35045,5500,460,70
35046,2350,290,40
35049,1550,160,0
35051,3290,430,120
35053,1050,140,40
35054,1820,280,70
35055,7950,740,180
35057,5290,560,120
35058,4220,380,90
35061,640,30,0
35062,3220,390,40
35063,1200,100,0
35064,4300,190,0
35068,3760,310,30
35071,7480,1160,200
35072,1820,100,0
35073,930,50,0
35077,5210,350,30
35078,870,100,0
35079,3420,360,40
35080,7840,1740,260
35083,1200,100,0
35085,3400,290,30
35087,840,60,0
35089,750,20,0
35091,1260,290,20
35094,6290,700,140
35096,3420,320,50
35097,770,70,0
35098,560,60,0
35111,6970,1170,150
35114,3070,620,80
35115,5200,440,70
35116,2000,320,50
35117,2680,440,70
35118,1350,130,0
35120,6110,700,70
35121,5880,530,130
35124,11730,2150,620
35125,4390,310,40
35126,9500,1140,100
35127,4340,450,40
35128,4270,610,130
35130,1200,100,0
35131,1480,110,0
35133,1560,150,0
35135,810,120,0
35136,650,70,0
35143,1240,130,30
35146,4520,750,130
35147,2280,400,90
35148,1060,70,0
35150,6940,490,70
35151,2940,290,30
35160,9680,520,100
35171,1330,190,0
35172,1120,90,0
35173,12710,2950,790
35175,2060,270,40
35176,330,20,0
35178,1460,110,20
35179,3730,320,70
35180,5680,770,80
35183,280,30,0
35184,2080,130,20
35186,2020,340,80
35188,1170,150,0
35203,1350,160,120
35204,3590,40,0
35205,7630,470,280
35206,6530,170,0
35207,3280,40,0
35208,5790,100,0
35209,11970,1830,1130
35210,6580,660,190
35211,10610,270,50
35212,4710,240,50
35213,6830,1230,1810
35214,8260,400,20
35215,19940,680,40
35216,16150,2430,1320
35217,5030,160,20
35218,2580,20,0
35221,1790,20,0
35222,3760,530,320
35223,5480,1190,1740
35224,2150,40,0
35226,16570,4210,1630
35228,4220,90,0
35233,880,90,40
35234,1910,20,0
35235,9230,560,50
35242,25250,5530,3990
35243,9880,1770,1530
35244,15940,3620,1510
35401,9870,330,130
35404,7910,410,100
35405,18070,1700,260
35406,6670,1480,1070
35441,460,40,0
35442,1880,80,20
35443,650,20,0
35444,1510,120,0
35446,840,80,0
35447,1220,90,0
35452,1570,190,0
35453,4860,400,50
35456,1810,130,20
35458,220,20,0
35459,320,0,0
35460,240,0,0
35461,700,60,0
35462,1850,100,0
35463,770,80,0
35464,200,0,0
35466,2240,260,0
35469,130,0,0
35470,1800,120,30
35473,7110,910,150
35474,2770,270,20
35475,6850,1360,270
35476,3660,170,50
35480,690,100,0
35481,1280,90,0
35490,1720,210,0
35501,3670,240,40
35503,3290,320,40
35504,5050,690,150
35540,920,70,0
35541,1280,150,40
35542,440,30,0
35543,380,20,0
35544,230,0,0
35546,1470,120,0
35548,550,0,0
35549,1350,80,0
35550,1820,150,20
35552,350,20,0
35553,1660,100,30
35554,410,40,0
35555,3640,260,50
35563,1560,140,0
35564,780,40,0
35565,4710,250,60
35570,3900,220,40
35571,330,0,0
35572,380,40,0
35574,560,50,0
35575,370,30,0
35576,1140,110,0
35578,1820,110,0
35579,1170,100,0
35580,1430,130,0
35581,1930,110,0
35582,1680,110,40
35585,610,50,0
35586,1580,100,0
35587,310,30,0
35592,1620,130,0
35593,670,40,0
35594,2840,250,40
35601,13580,830,270
35603,13950,2140,460
35610,750,60,0
35611,10180,860,170
35613,9040,1990,420
35614,2990,240,40
35616,1460,120,0
35618,750,50,0
35619,2020,190,0
35620,3750,380,40
35621,1150,130,0
35622,2610,230,20
35630,12520,880,230
35633,8570,900,170
35634,4500,610,240
35640,10680,1380,210
35643,1300,100,0
35645,5710,850,190
35646,1820,150,30
35647,430,40,0
35648,1550,170,0
35650,5480,540,50
35651,430,30,0
35652,3370,390,70
35653,4570,280,60
35654,3050,190,20
35660,3790,210,40
35661,7680,950,210
35670,3170,340,50
35671,910,80,20
35672,2430,250,0
35673,3420,370,40
35674,7840,820,130
35677,720,60,0
35739,2120,240,20
35740,1340,110,0
35741,1460,270,180
35744,930,50,0
35746,350,0,0
35747,2430,290,50
35748,3130,610,230
35749,11230,2230,330
35750,5890,710,80
35752,820,80,0
35754,2190,240,50
35755,270,30,0
35756,7500,1930,470
35757,7350,1720,310
35758,21200,5160,1670
35759,4060,780,110
35760,2090,200,20
35761,5100,810,140
35763,8070,2480,870
35764,230,0,0
35765,1440,120,0
35768,4710,350,80
35769,4190,570,180
35771,1380,100,0
35772,1850,130,0
35773,5500,670,100
35775,300,20,0
35776,1380,100,0
35801,10110,2030,1110
35802,11070,2170,860
35803,13260,2820,650
35805,8320,150,0
35806,11180,2090,570
35808,430,150,20
35810,13510,550,50
35811,12530,1950,320
35816,5640,130,20
35824,4180,960,220
35901,7340,550,300
35903,7130,400,40
35904,5210,250,30
35905,2670,280,40
35906,4470,460,100
35907,3770,580,80
35950,8660,480,90
35951,4970,230,60
35952,2660,190,0
35953,2920,280,40
35954,4710,210,30
35956,3370,250,30
35957,6330,340,80
35958,1160,90,0
35959,1770,140,20
35960,3700,360,60
35961,2260,90,20
35962,2620,100,20
35963,620,40,0
35966,1330,100,0
35967,6060,370,80
35968,2210,170,30
35971,1740,90,20
35972,490,50,0
35973,1040,60,0
35974,730,50,0
35975,380,30,0
35976,6970,740,320
35978,2000,140,0
35979,550,30,0
35980,1800,90,0
35981,780,60,0
35983,1420,130,0
35984,820,90,0
35986,3150,240,40
35987,950,80,0
35988,690,40,0
35989,1240,100,20
36003,750,70,0
36005,660,60,0
36006,560,50,0
36009,1050,100,0
36010,2110,130,0
36013,210,70,0
36016,1200,70,0
36017,530,30,0
36020,530,50,0
36022,5740,980,90
36024,2600,280,70
36025,1650,160,0
36026,430,50,20
36027,5950,490,70
36028,700,50,0
36029,380,70,0
36030,200,0,0
36032,1060,40,0
36033,1530,100,0
36034,310,0,0
36035,790,80,0
36036,790,60,0
36037,5420,370,60
36039,120,0,0
36040,1560,40,0
36041,560,40,0
36042,560,40,0
36043,1630,180,30
36046,560,40,0
36047,570,40,0
36048,540,30,0
36049,2210,160,30
36051,950,100,0
36052,390,80,30
36053,760,30,0
36054,6530,750,90
36064,4820,1140,420
36066,8820,1350,150
36067,11050,1410,210
36069,780,70,0
36071,330,0,0
36075,870,60,0
36078,5500,500,80
36079,3630,350,70
36080,1040,160,30
36081,5740,450,130
36083,3360,130,0
36088,1010,30,0
36089,2950,90,30
36091,1440,110,20
36092,8710,840,110
36093,5030,1130,210
36104,2640,140,60
36105,4280,200,30
36106,6530,780,350
36107,3020,80,0
36108,7560,180,0
36109,11040,1040,120
36110,4680,90,0
36111,5700,460,350
36113,290,70,0
36115,250,0,0
36116,18280,1070,280
36117,22350,2990,1100
36201,6470,170,0
36203,8380,820,150
36205,280,40,0
36206,4560,250,20
36207,8280,900,290
36250,2020,220,20
36251,2080,150,20
36255,380,30,0
36256,610,50,0
36258,620,60,0
36260,1600,100,0
36262,520,40,0
36263,250,30,0
36264,3400,270,40
36265,7660,720,110
36266,2210,150,30
36268,2210,170,20
36269,460,40,0
36271,2380,210,20
36272,4680,290,30
36273,1030,120,0
36274,4290,220,30
36276,870,80,0
36277,2330,160,0
36278,1860,200,50
36279,1040,90,0
36280,1420,140,0
36301,15220,1180,270
36303,12710,1160,510
36305,6770,1050,410
36310,2380,180,30
36311,1040,120,0
36312,2370,230,40
36314,220,20,0
36316,740,100,0
36317,160,0,0
36318,490,60,0
36319,870,120,0
36320,1310,100,0
36321,750,60,0
36322,3380,260,30
36323,2850,220,30
36330,14900,2100,330
36340,2000,130,30
36343,590,40,0
36344,2080,190,0
36345,3510,450,80
36346,570,70,0
36350,2970,280,40
36351,1430,160,20
36352,2130,270,30
36353,820,90,0
36360,7700,700,80
36362,1500,110,0
36370,380,30,0
36373,210,0,0
36374,470,60,0
36375,2770,200,30
36376,890,50,0
36401,2850,130,30
36420,4400,370,100
36421,3510,390,90
36425,340,0,0
36426,5640,480,70
36432,910,40,0
36435,200,0,0
36436,190,0,0
36441,1460,130,0
36442,1100,70,0
36444,210,0,0
36445,1510,120,0
36451,1900,200,40
36453,870,100,0
36456,720,50,0
36460,3330,340,70
36467,3740,280,50
36471,390,20,0
36474,1090,100,0
36475,740,60,0
36477,1610,110,30
36480,700,70,0
36481,110,0,0
36482,380,0,0
36483,180,0,0
36502,6080,400,60
36505,610,80,0
36507,7900,730,120
36509,830,40,0
36511,380,30,0
36518,1030,150,30
36521,1940,210,30
36522,2790,260,0
36523,1030,80,30
36524,420,50,0
36525,820,130,0
36526,14950,2660,660
36527,6640,1590,560
36528,770,130,30
36529,220,30,0
36530,3270,290,70
36532,14010,2460,1130
36535,12760,940,140
36538,140,0,0
36539,270,40,0
36540,380,0,0
36541,5750,590,100
36542,6290,770,210
36544,4480,300,30
36545,3610,350,60
36548,460,80,0
36549,2270,230,40
36551,3880,390,50
36553,1240,110,0
36555,620,80,40
36558,1300,150,20
36560,1300,60,0
36561,3950,630,320
36562,690,60,0
36567,5790,430,60
36569,330,50,0
36571,6850,970,140
36572,2900,470,40
36574,560,80,0
36575,8490,860,80
36576,1980,180,20
36578,820,140,0
36579,710,90,0
36580,2510,180,40
36582,9990,830,180
36583,260,50,0
36584,240,30,0
36585,390,50,0
36587,4090,350,40
36602,450,50,30
36603,2500,50,0
36604,3890,410,140
36605,10890,330,100
36606,8030,430,120
36607,2670,180,110
36608,15160,1520,1100
36609,10300,780,210
36610,4110,30,0
36611,2380,60,0
36612,1620,0,0
36613,4770,250,0
36617,5150,80,0
36618,7610,440,50
36619,6370,720,190
36693,8530,1020,310
36695,21090,3330,780
36701,8640,500,120
36703,4330,180,0
36720,310,0,0
36722,150,0,0
36726,1770,130,30
36728,230,0,0
36732,3510,340,80
36736,490,30,0
36738,370,0,0
36740,460,30,0
36742,940,130,0
36744,2550,140,0
36748,1270,130,0
36749,390,30,0
36750,1140,110,0
36751,350,0,0
36752,710,90,0
36756,2010,110,0
36758,520,40,0
36759,650,30,0
36761,400,0,0
36765,480,20,0
36767,690,20,0
36768,300,0,0
36769,1110,60,0
36773,140,0,0
36775,310,0,0
36776,600,0,0
36782,850,80,0
36783,320,30,0
36784,3080,330,40
36785,480,40,0
36786,1200,0,0
36790,100,0,0
36792,460,40,0
36793,210,0,0
36801,9660,800,210
36804,8170,630,120
36830,16300,2890,1180
36832,8340,780,180
36850,1070,40,0
36852,970,40,0
36853,3510,400,150
36854,6650,410,40
36855,540,40,0
36856,2770,230,0
36858,190,0,0
36860,610,20,0
36861,1360,160,60
36862,2380,140,0
36863,4850,240,60
36866,1540,110,0
36867,8550,680,120
36869,7880,290,30
36870,7480,570,40
36871,420,40,0
36874,3570,400,70
36875,1860,120,20
36877,4960,550,80
36879,1010,230,50
36904,1530,150,30
36907,610,30,0
36908,870,110,0
36912,710,30,0
36915,210,0,0
36916,230,30,0
36919,730,80,0
36921,400,50,0
36922,220,0,0
36925,1190,30,0
