90001,20649,117,0
90002,18895,95,0
90003,26151,92,0
90004,26668,1293,1019
90005,14767,466,261
90006,22447,260,44
90007,12500,171,31
90008,15314,1053,245
90010,2169,253,248
90011,36843,161,0
90012,9667,630,177
90013,4550,438,239
90014,5040,346,76
90015,7373,479,213
90016,21822,803,97
90017,8219,458,231
90018,21290,478,70
90019,28456,1602,521
90020,16673,507,316
90021,1379,98,56
90022,26469,320,20
90023,17675,143,0
90024,15346,2288,2768
90025,24778,3414,2219
90026,30885,1807,453
90027,23801,1941,1117
90028,14727,601,182
90029,16878,447,88
90031,15838,466,55
90032,18635,781,49
90033,16929,180,20
90034,30205,2454,933
90035,13914,1904,1048
90036,19242,2701,1217
90037,23530,166,0
90038,13016,406,125
90039,14992,1716,577
90040,5264,145,43
90041,12811,1605,346
90042,26553,1740,238
90043,21418,1390,252
90044,36130,370,0
90045,18469,3385,1443
90046,27856,2969,1710
90047,23685,755,56
90048,13097,1924,1209
90049,18543,3198,4249
90056,4741,785,352
90057,14056,186,0
90058,1443,31,46
90059,16076,138,0
90061,11180,164,0
90062,14125,170,0
90063,19983,226,0
90064,14322,2358,2168
90065,20275,1892,412
90066,28262,3662,1629
90067,3235,567,1176
90068,12194,1781,1355
90069,14363,2132,1420
90077,4152,730,1285
90094,2774,721,444
90201,36363,336,27
90210,9894,1409,2992
90211,5347,765,695
90212,7670,1122,1456
90220,21166,418,45
90221,21317,264,0
90222,12641,156,0
90230,15601,2491,731
90232,8235,1104,467
90240,11402,1330,284
90241,19401,1647,243
90242,18006,1199,95
90245,9338,1844,747
90247,21984,1029,100
90248,5257,465,150
90249,13051,986,78
90250,42090,2251,321
90254,10963,2223,1532
90255,29597,321,32
90260,15160,789,67
90262,26428,388,0
90265,7318,1267,1470
90266,17135,3452,4442
90270,10273,90,0
90272,10535,1855,3273
90274,12500,2538,3578
90275,19040,4573,3572
90277,19346,3917,2061
90278,19938,4431,1772
90280,38216,723,49
90290,2882,532,398
90291,15047,2120,1221
90292,12680,2747,1469
90293,7001,1393,557
90301,16234,347,32
90302,13573,458,72
90303,11178,310,25
90304,11476,153,0
90305,8122,767,59
90401,4198,573,409
90402,5614,861,1715
90403,14244,2558,1582
90404,11210,1298,573
90405,15259,2489,1666
90501,19578,2263,501
90502,8265,939,112
90503,20690,4115,1149
90504,15604,2477,346
90505,17448,3453,1204
90601,14565,1770,347
90602,10257,864,156
90603,9305,1719,320
90604,17208,1829,97
90605,18026,1371,313
90606,13964,807,36
90620,20757,2473,237
90621,14818,1057,206
90623,7276,1327,305
90630,22790,3958,926
90631,30098,3277,846
90638,21260,3258,503
90640,27716,1652,223
90650,44005,2345,105
90660,27515,1349,76
90670,7189,564,72
90680,13015,649,42
90701,7196,494,63
90703,23626,4516,1162
90706,32351,2034,180
90710,11424,1210,158
90712,14982,2614,294
90713,13542,2799,235
90715,9039,817,46
90716,5771,95,0
90717,10250,1253,200
90720,10676,2091,981
90723,22179,489,45
90731,25532,2438,372
90732,10357,2179,513
90740,13074,2171,957
90744,20825,823,35
90745,26131,2207,187
90746,13231,1509,187
90755,5616,647,187
90802,19525,1389,344
90803,18058,3117,1612
90804,17389,744,127
90805,38619,1207,56
90806,18008,785,83
90807,16344,2302,666
90808,19245,4435,837
90810,16023,717,65
90813,21143,215,22
90814,9845,1178,432
90815,18834,3727,859
91001,17297,2769,1264
91006,14573,2508,1285
91007,14379,2202,978
91008,520,116,76
91010,11785,1103,170
91011,9317,1811,2495
91016,18783,2506,603
91020,3508,415,82
91024,5333,1050,641
91030,12179,2163,1268
91040,9611,1329,267
91042,11975,1323,204
91101,9841,1284,428
91103,11784,947,614
91104,16610,2219,763
91105,6378,1379,1323
91106,11650,1593,929
91107,16232,2718,1363
91108,6284,1164,1704
91201,10399,954,249
91202,10508,1291,545
91203,6525,433,116
91204,6828,274,45
91205,16207,820,96
91206,14978,1810,668
91207,4869,814,574
91208,7621,1570,814
91210,215,48,42
91214,13889,2763,890
91301,12412,2514,1531
91302,11884,2138,2517
91303,11775,560,72
91304,21847,2456,657
91306,20078,1750,168
91307,11411,2212,864
91311,17789,2708,943
91316,13662,1803,1246
91320,20660,4485,2114
91321,15336,1620,445
91324,12385,1403,441
91325,14459,1737,588
91326,15426,3418,1506
91331,40198,873,41
91335,32537,1997,221
91340,13890,395,34
91342,37947,2828,252
91343,24297,2206,236
91344,23853,3784,860
91345,8226,608,47
91350,15077,3456,585
91351,14782,1931,203
91352,20047,885,153
91354,12334,3405,924
91355,15155,3172,941
91356,13940,1830,1475
91360,19993,3757,1247
91361,10264,1996,1813
91362,17507,3371,2488
91364,12997,2511,1523
91367,19822,3425,1390
91377,6622,1449,952
91381,8123,1923,1106
91384,9841,2194,376
91387,18020,3036,741
91390,8364,2167,624
91401,18086,1557,522
91402,26207,772,60
91403,13432,1990,1521
91405,21115,821,94
91406,22708,1637,266
91411,10371,759,204
91423,16703,2407,1552
91436,9209,1649,2527
91501,9571,1211,330
91502,5432,360,70
91504,12275,1754,543
91505,16640,2540,574
91506,9794,1566,365
91601,18999,1145,249
91602,10704,1340,625
91604,15895,2602,1882
91605,23216,875,95
91606,19659,789,104
91607,14632,1615,601
91701,18508,3302,515
91702,24384,1417,170
91706,31779,884,55
91708,3119,610,76
91709,32908,7199,1691
91710,31842,3474,386
91711,15616,3092,1275
91722,16068,1321,77
91723,8479,754,70
91724,11938,1784,355
91730,28840,2887,271
91731,11755,276,23
91732,24480,664,69
91733,17535,343,40
91737,10994,2057,704
91739,14652,3147,869
91740,11775,1608,195
91741,12104,2349,771
91744,35270,1046,54
91745,24696,3051,612
91746,13023,439,41
91748,20469,1793,539
91750,15783,2831,731
91752,12121,1131,94
91754,16667,1575,392
91755,12702,1030,181
91761,24961,1796,149
91762,24295,1133,112
91763,15464,658,48
91764,22097,713,43
91765,21777,3788,1071
91766,27313,1335,212
91767,19604,930,86
91768,12500,442,62
91770,27517,1227,148
91773,16098,2711,666
91775,10789,1751,597
91776,17831,969,138
91780,16335,1936,323
91784,12366,2952,1001
91786,22737,1942,255
91789,19980,3474,1059
91790,19519,1915,123
91791,14746,1922,495
91792,13729,1289,92
91801,24039,1800,336
91803,13986,1083,143
91901,6892,1434,415
91902,8605,1613,468
91905,607,59,0
91906,1420,131,0
91910,34867,3347,473
91911,37770,2282,157
91913,17533,3655,416
91914,6297,1624,508
91915,10536,2452,330
91916,823,115,21
91917,425,0,0
91932,11614,629,51
91934,268,0,0
91935,4123,731,315
91941,15236,2402,728
91942,18884,1972,205
91945,11424,767,38
91950,24020,649,43
91962,912,188,23
91963,574,0,0
91977,25889,2132,178
91978,4240,507,66
91980,996,0,0
92003,2548,345,153
92004,1356,110,23
92007,6242,1033,558
92008,13635,2068,808
92009,19050,4402,2911
92010,7127,1466,423
92011,10621,2335,1377
92014,7523,1443,1597
92019,19332,2991,756
92020,23796,2194,555
92021,28278,2414,340
92024,24482,4344,2728
92025,19613,1700,599
92026,21741,2676,514
92027,22992,2125,372
92028,19969,2708,808
92029,8626,1604,657
92036,1554,174,38
92037,18907,3438,3508
92040,19010,2539,332
92054,18395,1456,303
92056,24993,3313,515
92057,24852,3082,481
92058,15537,888,71
92059,761,306,76
92061,1398,142,64
92064,21831,4165,2179
92065,15817,2708,622
92066,129,0,0
92069,19148,2314,384
92070,513,48,0
92071,24658,3716,367
92075,6695,1181,980
92078,18468,3381,1048
92081,13311,1794,337
92082,8453,1454,394
92083,15535,754,58
92084,20268,1861,446
92086,582,47,0
92091,536,97,142
92101,18826,2691,1143
92102,18671,577,104
92103,19193,2387,1188
92104,24101,1763,344
92105,27351,570,36
92106,9382,1682,1020
92107,15302,1773,696
92108,11220,1293,249
92109,25688,2532,920
92110,12319,1438,420
92111,21264,2105,312
92113,18984,173,21
92114,29245,1705,91
92115,24188,1787,301
92116,18127,1667,468
92117,26051,3266,620
92118,7932,1563,900
92119,11472,2059,354
92120,13728,2518,659
92121,2431,542,338
92122,18937,3446,1223
92123,13253,1746,300
92124,12963,2207,573
92126,33677,4841,595
92127,16471,4344,2637
92128,22662,5303,1644
92129,23445,5747,2051
92130,21193,5092,4906
92131,15682,4423,2503
92139,15976,1137,43
92154,37457,2242,203
92173,20028,318,33
92201,24120,1128,172
92203,10882,1481,274
92210,1857,384,308
92211,11176,1759,489
92220,12575,677,417
92223,18496,2505,236
92225,5347,391,40
92227,9946,746,185
92230,916,0,0
92231,24147,509,77
92233,1388,76,0
92234,20932,1078,166
92236,20614,166,0
92240,13881,365,37
92241,2536,102,0
92242,443,0,0
92243,18096,1295,217
92249,2969,128,0
92250,3250,227,68
92251,6913,939,73
92252,3520,181,0
92253,14848,2271,897
92254,10614,0,0
92256,1464,97,0
92257,537,0,0
92260,13249,1273,490
92262,11688,937,339
92264,9230,825,343
92270,7783,1234,902
92274,9928,97,0
92276,3066,128,0
92277,8643,493,31
92281,961,35,0
92282,333,0,0
92283,1091,26,0
92284,8973,634,77
92285,669,0,0
92301,11050,229,0
92305,303,36,0
92307,15728,1582,226
92308,14625,1275,186
92309,301,0,0
92310,2942,97,0
92311,11475,741,51
92313,5552,633,78
92314,3389,276,27
92315,3462,313,97
92316,12297,335,24
92320,3420,323,41
92324,23082,936,125
92327,214,0,0
92328,225,0,0
92335,36938,624,50
92336,36515,4550,350
92337,15302,956,55
92339,418,78,0
92342,2574,354,35
92344,7729,844,90
92345,28782,1454,86
92346,23330,2800,502
92347,455,23,0
92354,9157,1146,350
92356,1840,65,0
92358,336,36,0
92359,3498,342,26
92363,1969,167,0
92365,704,58,0
92368,313,0,0
92371,3501,269,26
92372,1923,212,0
92373,15611,2611,1158
92374,17023,1952,394
92376,31837,784,34
92377,9521,836,51
92392,20688,1457,76
92394,11352,542,29
92395,15734,870,130
92397,2336,377,63
92399,21533,3017,563
92401,759,0,0
92404,22338,760,100
92405,11320,291,0
92407,21546,1450,121
92408,4965,156,23
92410,17193,124,0
92411,9734,65,0
92501,8142,410,79
92503,34136,2756,460
92504,21717,1560,302
92505,18840,1187,102
92506,20073,3296,1197
92507,19212,1095,176
92508,13617,2746,411
92509,29073,1577,129
92518,602,157,0
92530,18579,1244,87
92532,7234,1055,91
92536,1372,129,0
92539,1497,83,0
92543,11479,277,61
92544,16431,1233,224
92545,15190,960,78
92548,2185,79,0
92551,12238,512,20
92553,27291,715,36
92555,15376,1725,145
92557,20986,1635,134
92561,534,85,28
92562,25226,4257,996
92563,23041,3543,362
92567,3580,248,28
92570,18109,783,103
92571,19440,630,24
92582,5655,336,31
92583,10643,449,39
92584,16329,2178,168
92585,7611,730,52
92586,9173,473,40
92587,6892,1039,222
92590,1679,180,139
92591,16217,2468,451
92592,29130,5864,1399
92595,12724,1395,140
92596,8783,1409,124
92602,9451,2223,1000
92603,8638,1793,1798
92604,12223,2444,764
92606,9080,1839,728
92610,4858,1345,504
92612,10961,1979,775
92614,11630,2220,876
92617,3242,480,269
92618,9688,2269,1038
92620,18365,4087,2145
92624,3686,565,243
92625,6774,1282,1680
92626,23606,3205,872
92627,29049,2447,751
92629,14018,2462,1309
92630,28974,4713,1214
92637,9655,880,148
92646,27672,5606,1647
92647,26665,3950,810
92648,22993,3811,2332
92649,17104,3256,1468
92651,12167,2179,2169
92653,14456,2320,1309
92655,3453,135,0
92656,23423,5133,1701
92657,4482,837,1584
92660,16787,3050,3471
92661,1963,276,233
92662,1570,291,210
92663,11118,1613,1246
92672,17768,2564,1175
92673,12605,3111,2098
92675,15694,1962,1355
92676,924,172,84
92677,30048,5933,3522
92679,13928,3515,2878
92683,40121,3613,509
92688,19929,4665,1318
92691,22903,4572,1041
92692,22312,5026,2012
92694,8536,2524,1538
92701,19736,321,43
92703,25977,371,29
92704,37188,1250,135
92705,20305,2921,2043
92706,15616,1139,303
92707,26861,803,115
92708,26468,4529,1225
92780,25543,2396,555
92782,11057,2476,1396
92801,27585,1154,104
92802,17256,868,90
92804,35240,2090,191
92805,28820,1128,96
92806,17335,1494,186
92807,17341,3549,1176
92808,9082,2271,957
92821,17612,3084,753
92823,1535,416,149
92831,14667,1665,595
92832,10340,779,138
92833,21776,2648,690
92835,11280,2255,1139
92840,23287,1501,128
92841,14248,960,130
92843,18736,668,59
92844,9989,433,36
92845,7995,1692,233
92860,10694,1730,315
92861,2835,559,660
92865,9190,1459,233
92866,7865,692,136
92867,20221,3034,1234
92868,10757,697,79
92869,17326,2937,1086
92870,23574,3982,783
92879,19641,1754,204
92880,24500,5067,591
92881,12100,2336,581
92882,27774,3661,579
92883,12029,2524,522
92886,21824,4905,2351
92887,9765,2244,1378
93001,16449,1423,515
93003,23755,3448,811
93004,13365,2332,338
93010,20011,3610,1031
93012,15778,3387,1263
93013,7627,916,301
93015,7211,607,61
93021,16592,3195,1135
93022,2999,425,92
93023,9253,1228,507
93030,27535,1615,163
93033,40385,915,55
93035,13098,1759,412
93036,18264,1626,251
93041,9593,577,40
93060,14625,796,160
93063,25352,4731,911
93065,33230,5866,1853
93066,1662,237,166
93101,14378,1094,391
93103,8708,798,462
93105,12228,2086,1099
93108,4802,859,1177
93109,5134,849,446
93110,7502,1057,634
93111,8748,1526,680
93117,16230,2163,643
93202,1566,36,0
93203,9479,70,0
93204,3977,49,0
93205,678,33,0
93206,904,25,22
93207,105,0,0
93210,5123,422,51
93212,4948,141,38
93215,18530,466,62
93219,3881,0,0
93221,5682,569,134
93223,3563,39,0
93224,174,22,0
93225,1986,204,0
93226,115,0,0
93230,24061,2076,349
93235,1608,0,0
93238,739,83,0
93239,710,0,0
93240,2118,171,0
93241,6988,54,0
93242,1408,70,0
93243,580,49,0
93244,208,33,0
93245,13930,1193,150
93247,6208,180,32
93249,1244,0,0
93250,4941,75,0
93252,529,47,0
93254,299,24,0
93255,185,0,0
93256,1832,34,0
93257,25628,1281,175
93263,7373,315,63
93265,1601,258,51
93266,609,26,0
93267,2401,99,0
93268,6143,596,59
93270,2405,88,0
93271,1064,145,35
93272,1262,41,0
93274,24943,1450,264
93277,20029,1925,338
93280,8241,250,33
93283,624,28,0
93285,872,61,0
93286,3351,107,22
93291,18777,1785,567
93292,14793,1353,241
93301,5627,300,151
93304,18282,402,61
93305,12623,368,60
93306,25921,2256,464
93307,29063,574,64
93308,19712,1941,362
93309,24744,1924,479
93311,17185,3134,1115
93312,22972,5004,857
93313,17838,1637,153
93314,9735,2415,721
93401,12839,1693,641
93402,6575,770,138
93405,7406,946,332
93420,12691,2053,608
93422,13046,1959,290
93426,428,47,20
93427,2816,399,73
93428,3194,410,131
93430,1511,176,76
93432,641,103,0
93433,5561,479,75
93434,2913,70,0
93436,20916,2228,277
93437,1282,63,0
93442,4887,549,100
93444,8892,1188,280
93445,2624,129,0
93446,18599,2213,418
93449,3869,641,232
93450,235,0,0
93451,1706,122,35
93452,226,0,0
93453,1337,148,26
93454,15277,918,153
93455,18294,2932,492
93458,23727,454,28
93460,2871,469,285
93461,674,0,0
93463,3255,554,258
93465,4357,751,205
93501,1694,82,0
93505,3969,406,28
93510,3638,809,168
93513,761,92,0
93514,5796,741,88
93516,656,44,0
93517,388,50,0
93518,445,65,0
93523,1215,149,0
93526,322,35,0
93527,895,170,0
93531,247,56,28
93532,1227,176,0
93534,15153,679,74
93535,27042,1172,65
93536,26712,4167,575
93543,4856,338,0
93544,437,47,0
93545,874,91,0
93546,4429,376,125
93550,27361,933,71
93551,21738,4009,656
93552,14511,821,44
93553,816,100,0
93555,13080,1989,214
93560,7469,875,62
93561,11149,1822,213
93562,551,42,0
93591,2304,90,0
93601,873,107,0
93602,1403,201,21
93604,359,56,0
93608,552,0,0
93609,2331,84,28
93610,6686,410,61
93611,19072,3313,514
93612,13922,660,69
93614,4782,595,100
93615,2295,0,0
93616,1049,28,0
93618,11121,349,43
93619,12988,3334,1071
93620,3391,132,31
93621,183,0,0
93622,3864,75,39
93625,3078,245,40
93626,622,83,94
93628,108,0,0
93630,7166,347,78
93631,6851,763,171
93635,15651,939,122
93636,4914,765,136
93637,14484,910,175
93638,19315,415,40
93640,5925,0,0
93641,157,0,0
93643,1309,116,20
93644,3981,350,84
93645,157,0,0
93646,3496,43,0
93647,4242,54,0
93648,6153,40,0
93650,1668,56,0
93651,832,139,26
93652,331,0,0
93653,421,48,0
93654,12474,694,113
93656,2295,77,35
93657,13758,878,170
93660,1749,0,0
93662,12605,506,69
93664,386,77,31
93667,952,128,0
93668,444,31,0
93669,105,0,0
93675,1254,116,0
93701,3413,0,0
93702,15296,105,0
93703,11356,162,0
93704,11847,1074,266
93705,13253,343,35
93706,13019,266,86
93710,11697,802,76
93711,17372,2801,1355
93720,20264,3667,971
93721,1440,41,23
93722,30564,2139,243
93723,3624,460,79
93725,9338,224,48
93726,15566,391,27
93727,27272,1528,198
93728,6024,170,0
93730,4476,1066,661
93901,12012,1281,271
93905,31929,460,36
93906,25185,1732,181
93907,9193,1250,223
93908,6026,1414,853
93920,703,46,0
93923,4991,970,788
93924,3057,548,301
93925,814,44,0
93926,4315,208,28
93927,7854,199,28
93930,7382,365,57
93933,9761,864,86
93940,13981,2014,747
93950,7755,1208,353
93953,2145,486,406
93955,13919,874,121
93960,6971,393,40
94002,13188,2848,2107
94005,2627,583,326
94010,20109,3404,4691
94014,22583,2125,261
94015,29947,4056,594
94019,7295,1258,848
94020,778,161,95
94021,100,0,0
94022,9344,1691,3353
94024,10472,2065,3801
94025,18987,3369,4428
94027,3168,440,1352
94028,3430,558,1315
94030,11080,2167,1023
94038,1442,284,141
94040,15542,3021,2500
94041,7145,1503,982
94043,14564,3255,1733
94044,19257,4091,1081
94060,810,61,37
94061,17241,2893,1445
94062,12812,2466,2944
94063,13156,967,235
94065,5847,1565,1369
94066,21613,3356,743
94070,14995,3356,3187
94074,108,0,0
94080,32027,4838,1120
94085,10475,2062,617
94086,22745,4788,2171
94087,24912,5796,4666
94089,10399,1883,615
94102,13911,1208,405
94103,13211,1694,679
94104,1359,226,315
94105,4805,1291,1211
94107,15632,3754,2459
94108,6740,673,359
94109,31900,4763,2393
94110,38986,5206,2406
94111,2729,577,616
94112,39890,3358,655
94114,21146,4463,3006
94115,18641,3048,2187
94116,22624,3424,1520
94117,22808,3759,2193
94118,20468,3016,2253
94121,22070,3022,1508
94122,30404,4453,1582
94123,15052,3447,2700
94124,16039,752,112
94127,10136,2234,1934
94129,1818,337,238
94130,1040,53,0
94131,15953,3357,2149
94132,12531,1728,594
94133,13958,1845,1068
94134,20096,1540,243
94158,2438,597,421
94301,8525,1679,2557
94303,20089,2247,2478
94304,1802,462,432
94305,3678,342,676
94306,13027,2636,2880
94401,16270,2081,657
94402,12620,2534,2345
94403,20122,3985,1867
94404,16608,4400,2412
94501,30405,4595,1455
94502,6635,1747,870
94503,8689,1525,248
94505,5803,1493,378
94506,10182,2464,3176
94507,7338,1482,2353
94508,1270,174,79
94509,27030,2400,236
94510,13598,3017,913
94513,23485,5444,1042
94514,568,69,22
94515,3386,319,153
94517,6096,1727,772
94518,12817,2165,554
94519,8729,1330,133
94520,16617,854,97
94521,19805,4044,876
94523,16463,3542,1058
94525,1645,248,36
94526,15596,3892,3193
94530,13016,2375,810
94531,17713,3098,401
94533,30848,2803,308
94534,16959,3970,1083
94535,2185,89,0
94536,30588,6208,2173
94538,28468,4974,1032
94539,21793,5459,4896
94541,28317,2184,271
94542,5706,1081,468
94544,33154,2262,281
94545,14749,1631,272
94546,21221,3684,715
94547,11724,2399,437
94549,13471,2935,3275
94550,21825,5474,2356
94551,18703,3891,831
94552,6728,1942,913
94553,23228,4302,986
94555,14329,3524,1554
94556,7014,1660,1644
94558,31717,4421,1673
94559,12908,1386,385
94560,20185,3003,637
94561,15833,2556,260
94563,8850,1918,2636
94564,9410,1508,186
94565,37430,3033,280
94566,19684,4595,3656
94567,310,49,0
94568,20691,5496,2171
94571,3966,528,78
94572,3908,480,44
94574,4134,603,429
94576,100,0,0
94577,22387,2619,479
94578,18152,1198,138
94579,10099,1157,157
94580,13184,1419,103
94582,15443,4446,3754
94583,21028,5205,4937
94585,12765,1464,94
94586,548,119,61
94587,31983,4824,1417
94588,14548,3935,1951
94589,13500,857,63
94590,16086,922,106
94591,25458,3909,617
94592,346,73,24
94595,9858,1836,841
94596,11225,2065,1245
94597,11348,2326,907
94598,13254,3397,1997
94599,1606,186,103
94601,20333,577,60
94602,14015,2316,855
94603,14048,357,23
94605,19758,2087,437
94606,17123,671,115
94607,11554,963,191
94608,15034,1659,354
94609,11520,1001,260
94610,17345,2422,1463
94611,19970,3872,3509
94612,7434,608,161
94618,8605,1880,1673
94619,12138,1681,607
94621,12369,177,0
94702,8510,1118,278
94703,9809,1207,357
94704,5452,398,151
94705,7073,1255,1132
94706,8897,1804,553
94707,6848,1614,1351
94708,5862,1503,1220
94709,5265,678,249
94710,3566,379,120
94801,11625,529,164
94803,11777,1763,303
94804,17806,1273,193
94805,6536,740,118
94806,25643,1613,142
94901,18747,2664,1998
94903,14221,2892,1454
94904,5969,1012,1382
94920,5939,1093,1876
94922,209,29,0
94923,687,113,50
94924,647,75,29
94925,4420,908,862
94928,18383,2039,207
94930,4106,852,310
94931,4324,548,81
94937,498,59,46
94939,3486,631,737
94940,112,0,0
94941,14542,2743,3357
94945,8396,1624,735
94946,286,51,56
94947,11399,2178,811
94949,8325,1528,814
94951,2099,329,107
94952,15049,2337,824
94954,17432,2968,637
94956,848,102,46
94960,6942,1431,1182
94965,7578,1130,819
95003,10995,2130,926
95004,1809,283,72
95005,2966,578,152
95006,4246,887,218
95008,22332,4163,2073
95010,5172,603,185
95012,4917,149,24
95014,25294,6459,5844
95017,415,52,0
95018,3665,583,147
95019,3806,117,29
95020,24338,3777,1274
95023,20209,2694,479
95030,6408,1130,2014
95032,12405,2561,2871
95033,4119,932,792
95035,30657,5674,2016
95037,19949,3977,2159
95039,799,71,0
95043,259,33,0
95045,1852,246,78
95046,3088,383,223
95050,17548,3001,1035
95051,26428,5650,2220
95054,12286,3083,1991
95060,19066,2691,1259
95062,16993,2085,587
95064,558,101,0
95065,3785,698,269
95066,6634,1446,738
95070,14977,2866,4800
95073,5480,823,363
95075,302,49,21
95076,35690,2168,549
95110,8318,927,274
95111,25594,1687,246
95112,23002,2059,610
95113,1159,164,102
95116,20748,789,117
95117,13338,1585,715
95118,14716,3027,1099
95119,4657,1101,297
95120,16644,4178,4154
95121,16710,1881,504
95122,23871,802,70
95123,29014,5490,1410
95124,21850,5099,2674
95125,24475,4671,3525
95126,16034,2524,1143
95127,28160,2507,606
95128,16232,2485,894
95129,17059,3743,2819
95130,6030,1189,641
95131,13915,2762,1117
95132,18798,3233,983
95133,11601,1489,395
95134,7724,2198,789
95135,8833,2123,1654
95136,20245,3790,1084
95138,7925,1609,1658
95139,3026,792,206
95140,161,33,22
95148,20297,3363,1276
95202,2157,34,0
95203,6414,248,21
95204,12330,816,170
95205,14808,175,0
95206,26271,823,45
95207,19599,1189,255
95209,16786,2121,253
95210,15019,400,23
95212,10971,1017,245
95215,8397,422,83
95219,12018,2022,806
95220,2883,371,118
95222,1682,220,65
95223,1807,211,46
95228,1777,224,59
95230,316,27,0
95231,1663,95,0
95232,134,0,0
95236,2525,334,113
95237,1711,171,27
95240,17664,1064,238
95242,11236,1729,370
95245,749,86,0
95246,752,84,0
95247,2036,241,51
95249,1578,144,0
95251,280,28,0
95252,5292,722,81
95255,647,55,0
95257,175,0,0
95258,2433,338,111
95301,14445,1080,165
95303,375,35,0
95304,4854,909,288
95306,383,60,0
95307,16881,780,75
95310,1101,129,0
95311,717,55,0
95313,633,24,20
95315,4629,116,0
95316,2813,327,59
95317,364,0,0
95320,5393,723,90
95321,1583,153,44
95322,3559,210,31
95323,577,58,0
95324,2958,244,36
95326,4280,434,93
95327,2618,197,31
95328,1277,36,0
95329,894,125,0
95330,7849,686,50
95333,1137,46,22
95334,6334,162,0
95335,127,0,0
95336,18856,1843,211
95337,13215,1733,199
95338,4538,440,55
95340,13829,1318,318
95341,12508,213,35
95345,364,26,0
95346,552,57,0
95348,10944,675,75
95350,21283,1429,260
95351,16638,329,40
95354,10650,480,122
95355,24026,2966,572
95356,13296,1596,671
95357,5443,545,121
95358,12098,599,123
95360,4667,265,23
95361,13324,1655,378
95363,10450,809,90
95365,1885,25,0
95366,7213,1306,311
95367,9701,767,93
95368,5689,516,44
95369,358,30,0
95370,11210,1159,222
95372,1230,114,0
95374,650,30,0
95376,21227,2325,260
95377,11794,2592,347
95379,1642,156,0
95380,15639,785,124
95382,14299,1971,308
95383,1974,220,51
95385,116,0,0
95386,3942,281,26
95388,4968,125,0
95389,788,31,0
95391,4220,1251,181
95401,16124,1250,244
95403,19797,2425,608
95404,18155,2579,1192
95405,11037,1611,498
95407,16372,804,79
95409,13073,2179,657
95410,396,42,0
95412,102,0,0
95415,665,46,0
95420,97,0,0
95421,605,57,0
95422,4472,126,0
95423,1287,72,0
95425,4960,544,104
95427,169,0,0
95428,713,0,0
95432,169,0,0
95436,2684,310,78
95437,6208,367,72
95439,451,69,0
95441,1195,108,48
95442,1636,221,108
95443,103,0,0
95444,708,74,25
95445,1362,159,45
95446,2306,208,22
95448,8741,1092,475
95449,676,48,0
95450,177,0,0
95451,4301,386,65
95452,890,154,84
95453,4436,365,86
95454,974,43,0
95456,325,43,0
95457,1513,106,0
95458,952,41,0
95459,192,0,0
95460,1418,142,56
95461,1726,153,24
95462,519,51,0
95464,878,25,0
95465,1067,115,43
95466,575,43,0
95467,2086,319,39
95468,603,31,0
95469,749,74,0
95470,2647,279,38
95472,12727,1876,586
95476,15259,2051,848
95482,12440,1009,213
95485,1068,50,0
95490,5266,311,40
95492,12935,2235,446
95494,109,0,0
95501,8806,466,75
95503,9565,823,179
95519,7242,656,105
95521,6969,429,107
95524,1012,126,59
95525,813,77,0
95526,180,0,0
95527,148,0,0
95528,397,33,0
95531,7643,605,88
95536,1297,119,21
95540,5377,409,79
95542,908,58,0
95543,300,42,0
95546,915,26,0
95547,558,78,0
95548,376,0,0
95549,312,64,0
95551,617,57,0
95552,149,0,0
95554,132,0,0
95558,137,0,0
95560,1062,38,0
95562,1129,36,0
95564,162,0,0
95565,414,0,0
95567,905,69,0
95570,1126,106,33
95573,752,66,0
95585,145,0,0
95589,419,30,0
95602,7796,1197,396
95603,12132,1695,482
95605,5120,200,49
95606,110,0,25
95607,121,0,0
95608,27009,3849,1102
95610,19895,1584,114
95612,647,92,32
95614,1830,354,60
95615,434,42,0
95616,15429,2605,1137
95618,10429,2159,1089
95619,2468,237,32
95620,9124,1225,177
95621,19182,1236,56
95623,2164,306,53
95624,25878,4397,660
95626,2621,299,0
95627,1535,134,0
95628,19913,3344,983
95629,392,71,0
95630,29358,7529,2223
95631,2688,384,47
95632,11916,1332,106
95633,1358,179,0
95634,1296,122,23
95635,488,78,0
95636,390,44,0
95637,172,0,0
95638,941,185,27
95640,3267,359,35
95641,789,74,0
95642,3504,388,98
95645,681,37,0
95648,21686,3788,657
95650,6082,1052,465
95651,357,71,0
95652,168,0,0
95655,1685,342,0
95658,3038,530,177
95659,328,33,20
95660,12706,310,0
95661,14025,2552,808
95662,14747,2121,283
95663,1299,253,70
95664,597,123,27
95665,2102,237,40
95666,2163,218,30
95667,15714,2240,406
95668,375,68,0
95669,1152,124,33
95670,23699,2460,560
95672,2088,446,120
95673,6432,402,26
95674,363,61,0
95677,11430,1867,400
95678,19457,2544,377
95681,511,46,0
95682,13517,2624,619
95683,2977,857,241
95684,1244,155,0
95685,2237,315,70
95687,26551,4164,452
95688,15636,3041,667
95689,578,107,0
95690,1087,77,36
95691,15445,2157,224
95692,2097,221,33
95693,3095,630,197
95694,4156,481,102
95695,16113,1629,385
95703,758,133,0
95709,2160,300,60
95713,3329,444,72
95722,2276,392,155
95726,3591,443,33
95742,4171,1006,130
95746,9980,2310,1822
95747,24519,5835,1089
95757,15555,3418,493
95758,26711,4163,552
95762,16982,4810,2542
95765,14311,3492,870
95776,10194,1035,154
95811,3538,217,74
95814,4017,279,92
95815,9351,201,37
95816,10341,1001,330
95817,5888,307,36
95818,10663,1714,613
95819,8848,1826,594
95820,15445,510,32
95821,15720,1418,226
95822,19294,1420,240
95823,29301,814,43
95824,11418,145,0
95825,13831,863,231
95826,16573,1471,90
95827,9457,624,58
95828,23276,996,76
95829,11048,1606,270
95830,378,73,28
95831,20960,3488,843
95832,4373,69,0
95833,16673,1168,124
95834,11484,983,123
95835,15897,2852,465
95837,135,26,20
95838,14127,304,0
95841,8654,387,72
95842,13077,467,21
95843,18937,1944,113
95864,11163,2046,1298
95901,12415,734,74
95903,680,30,0
95912,2154,143,47
95914,341,30,0
95916,505,26,0
95917,1244,78,23
95918,927,150,38
95919,476,32,0
95920,118,0,0
95922,192,0,0
95925,101,0,0
95926,13907,1278,213
95928,13338,1345,401
95932,3308,281,88
95934,119,0,0
95935,273,0,0
95938,1833,259,87
95939,147,0,0
95941,160,0,0
95942,628,114,0
95943,360,41,32
95945,10973,947,218
95946,4476,677,140
95947,662,52,0
95948,4272,280,59
95949,8606,1201,229
95953,3965,197,32
95954,4493,263,0
95957,325,44,0
95959,8156,1063,339
95960,490,0,0
95961,9145,538,33
95962,635,85,0
95963,5958,324,52
95965,6650,316,44
95966,10647,751,100
95968,842,24,0
95969,10745,907,152
95970,261,43,0
95971,2665,257,31
95973,13824,1583,363
95975,786,90,0
95977,623,62,0
95979,177,0,0
95982,1433,144,33
95983,204,0,0
95987,2667,84,29
95988,3522,264,61
95991,15369,1004,154
95993,14518,1663,311
96001,13388,1440,427
96002,13089,1008,183
96003,17664,1591,251
96006,211,0,0
96007,8758,463,50
96008,745,93,0
96013,1596,122,0
96015,145,0,0
96016,135,0,0
96019,3697,177,0
96020,1233,119,0
96021,5950,265,31
96022,6196,602,66
96023,451,0,0
96024,325,30,0
96025,866,39,0
96027,824,61,0
96028,578,56,0
96032,914,62,0
96033,157,0,0
96034,121,0,0
96035,1134,47,0
96038,274,0,0
96039,395,0,0
96040,100,0,0
96041,772,43,0
96044,354,27,0
96047,369,43,0
96048,266,0,0
96050,147,0,0
96051,508,54,0
96052,456,26,0
96055,1376,94,0
96056,599,57,0
96057,522,31,0
96058,307,0,0
96059,214,0,0
96062,500,85,0
96064,1618,94,0
96065,134,0,0
96067,3441,310,69
96069,370,38,0
96073,2222,383,81
96080,11206,862,147
96086,126,0,0
96088,1820,156,0
96091,241,0,0
96094,2631,196,25
96096,292,34,0
96097,4038,241,40
96101,2067,155,21
96103,766,102,0
96104,327,0,0
96105,187,27,0
96107,409,30,0
96109,334,0,0
96114,1270,215,0
96117,153,0,0
96118,591,48,0
96120,362,56,0
96121,160,22,0
96122,1611,127,0
96124,116,0,0
96125,131,0,0
96128,250,37,0
96130,5831,681,43
96134,893,49,0
96137,1319,141,0
96146,703,73,40
96150,6741,528,105
96161,4832,791,304
