90001,21940,290,30
90002,20510,280,0
90003,27790,280,20
90004,28040,1810,1410
90005,16460,860,440
90006,23140,560,120
90007,12670,340,80
90008,15230,1480,550
90010,2610,310,370
90011,39110,410,20
90012,11950,1430,440
90013,4350,700,300
90014,3510,600,200
90015,9740,1080,600
90016,22890,1600,400
90017,9970,920,440
90018,22370,1040,260
90019,29550,2560,1180
90020,18310,960,460
90021,1370,150,150
90022,28080,770,60
90023,18330,330,40
90024,15260,2420,3570
90025,25930,4780,3640
90026,31780,2860,1200
90027,24060,2900,1780
90028,15680,1140,410
90029,16860,850,210
90031,16800,860,180
90032,19900,1530,250
90033,18200,410,50
90034,30960,4160,1790
90035,13940,2320,1740
90036,19750,3550,2010
90037,24920,380,30
90038,13480,820,340
90039,15260,2330,1270
90040,5710,310,50
90041,13120,2120,860
90042,27800,2980,830
90043,21510,2040,610
90044,37780,810,50
90045,18550,4110,2640
90046,27440,4060,2610
90047,24250,1450,150
90048,12550,2190,1870
90049,18600,3420,5500
90056,4710,890,560
90057,15990,390,50
90058,1490,40,60
90059,16990,360,0
90061,11930,260,20
90062,14760,490,50
90063,21520,660,40
90064,14950,2630,3270
90065,21590,2670,1090
90066,28630,4700,3260
90067,3690,640,1630
90068,11850,2010,1840
90069,13400,2610,2050
90077,3970,690,1570
90094,4850,1330,1270
90201,39700,780,50
90210,9480,1370,3570
90211,5470,860,1190
90212,7410,1250,1740
90220,22290,800,70
90221,22490,580,30
90222,13290,350,0
90230,16020,3130,1610
90232,8820,1580,1060
90240,12180,1780,540
90241,20900,2340,540
90242,19800,1990,230
90245,9830,2240,1440
90247,23100,1750,240
90248,5600,720,170
90249,13540,1430,200
90250,44320,3600,980
90254,10630,2440,2450
90255,30700,690,50
90260,15680,1300,190
90262,28680,880,40
90265,6890,1200,1820
90266,17130,3330,5960
90270,10850,230,0
90272,10650,1840,4040
90274,12870,2500,4550
90275,19590,4750,5030
90277,19220,4580,3350
90278,20270,4770,3320
90280,41100,1650,90
90290,3010,570,540
90291,14300,2640,2080
90292,13840,3570,2650
90293,7170,1750,930
90301,16800,610,70
90302,13950,800,130
90303,11600,580,50
90304,11640,330,60
90305,8080,1130,160
90401,4520,850,650
90402,5440,830,2070
90403,14290,3190,2510
90404,11370,1830,970
90405,15260,3130,2540
90501,20580,2890,910
90502,8910,1340,200
90503,21390,4880,2200
90504,16910,3300,790
90505,17970,3960,2190
90601,15560,2290,610
90602,11160,1130,300
90603,9960,2300,630
90604,18620,2790,340
90605,18900,2090,490
90606,14980,1430,110
90620,22590,3590,580
90621,16730,1510,420
90623,7790,1640,520
90630,24200,5030,1650
90631,32230,4550,1460
90638,22530,4340,930
90640,29380,2500,470
90650,47760,4210,290
90660,29510,2330,210
90670,8240,1060,160
90680,14050,1010,100
90701,7700,700,150
90703,24910,5390,2040
90706,35540,3170,370
90710,12180,1590,320
90712,15860,3570,640
90713,14330,3620,660
90715,9960,1180,140
90716,6160,190,0
90717,10570,1600,400
90720,11000,2350,1690
90723,24450,950,100
90731,26610,3510,820
90732,10460,2560,970
90740,13800,2630,1560
90744,22560,1400,140
90745,28470,3360,430
90746,13900,2130,340
90755,5930,920,330
90802,19850,2250,580
90803,17910,3790,2450
90804,18170,1240,270
90805,41420,2270,170
90806,18660,1350,190
90807,16540,3010,1170
90808,19680,5320,1770
90810,17130,1240,110
90813,21460,480,60
90814,10280,1550,730
90815,19400,4580,1700
91001,17640,3510,2080
91006,14920,2700,1790
91007,14530,2430,1490
91008,510,100,120
91010,12260,1530,310
91011,9570,1780,3280
91016,19420,3160,1100
91020,3670,640,170
91024,5530,1220,950
91030,12640,2530,2000
91040,9890,1740,460
91042,12460,1810,430
91101,9980,1810,780
91103,11990,1330,940
91104,16550,2670,1340
91105,6760,1470,1850
91106,11780,1970,1310
91107,16450,3080,2140
91108,6250,1140,2000
91201,10190,1230,460
91202,10680,1680,840
91203,7420,920,230
91204,7300,530,100
91205,16340,1370,250
91206,15210,2260,1090
91207,4860,890,860
91208,7850,1760,1310
91210,190,40,50
91214,14360,3190,1780
91301,12460,2760,2310
91302,12200,2200,3330
91303,12680,950,160
91304,23380,3040,1120
91306,22000,2530,400
91307,12010,2730,1420
91311,18840,3410,1400
91316,14160,2260,1890
91320,21540,4920,3130
91321,15610,2050,730
91324,13780,1990,740
91325,16050,2160,960
91326,17030,3960,2540
91331,44430,1890,130
91335,34860,3100,510
91340,15270,800,70
91342,42370,4360,560
91343,26440,2940,560
91344,25190,4710,1550
91345,9130,970,110
91350,18540,5110,1540
91351,16410,2600,390
91352,21240,1400,280
91354,14720,4330,1880
91355,15830,3780,1510
91356,14320,2050,2010
91360,20480,4310,2110
91361,10460,2060,2550
91362,17970,3610,3350
91364,13640,2810,2340
91367,20970,4140,2340
91377,6770,1580,1360
91381,8880,2040,1620
91384,10710,2560,710
91387,19990,3690,1340
91390,8880,2300,1070
91401,18320,1980,990
91402,29380,1380,120
91403,13930,2430,2260
91405,23400,1380,270
91406,24800,2480,580
91411,10890,1050,450
91423,17360,2910,2410
91436,9280,1640,3480
91501,10000,1640,650
91502,5500,580,120
91504,12780,2260,930
91505,16800,3310,1280
91506,10130,1940,800
91601,20260,1840,550
91602,11280,1810,1030
91604,16140,2980,2820
91605,25080,1350,240
91606,20510,1420,260
91607,15560,2170,1140
91701,18820,4060,1030
91702,27260,2400,450
91706,34550,1540,130
91708,4710,1000,230
91709,35730,7730,2870
91710,36470,5110,1050
91711,16120,3600,2050
91722,17580,2060,200
91723,9250,1140,160
91724,12900,2270,620
91730,31220,4170,600
91731,12090,460,70
91732,25990,1060,150
91733,18250,630,70
91737,11390,2400,1110
91739,16520,3680,1750
91740,12680,2200,400
91741,12600,2890,1330
91744,38340,2080,130
91745,26130,3780,1180
91746,13950,810,90
91748,21820,2180,850
91750,16570,3440,1270
91752,15680,2250,370
91754,17660,2070,740
91755,15060,1370,360
91761,28010,3080,340
91762,27200,2010,270
91763,17190,1170,110
91764,23880,1400,120
91765,22150,4160,1660
91766,29650,2000,370
91767,21730,1710,190
91768,13510,810,110
91770,29060,1860,360
91773,16650,3400,1080
91775,11220,2060,1000
91776,19520,1450,330
91780,17040,2410,750
91784,13100,3380,1630
91786,24450,2880,490
91789,20790,3750,1720
91790,21600,2720,310
91791,15980,2480,840
91792,14050,1650,200
91801,26120,2760,680
91803,14740,1650,370
91901,7660,1700,730
91902,8750,1980,710
91905,680,80,0
91906,1530,160,20
91910,38520,4520,850
91911,41740,3330,350
91913,22130,5210,1050
91914,7390,1960,930
91915,13120,3380,720
91916,910,190,50
91917,500,40,0
91932,12360,920,170
91934,260,20,0
91935,4370,900,450
91941,15910,3090,1290
91942,20160,3190,460
91945,12730,1300,80
91950,27000,1150,90
91962,930,220,40
91963,610,20,0
91977,28080,3170,380
91978,4710,700,130
91980,1010,30,0
92003,2660,450,250
92004,1420,140,50
92007,5910,1180,990
92008,14330,2680,1570
92009,20760,4860,4500
92010,8080,1980,1060
92011,11330,2610,2200
92014,7340,1490,2250
92019,20260,3530,1290
92020,25770,3000,960
92021,30450,3340,680
92024,25270,5070,4580
92025,21550,2360,910
92026,24310,3840,1010
92027,25170,2910,720
92028,21980,3660,1300
92029,9550,2030,1110
92036,1650,250,50
92037,18520,3550,4890
92040,20620,3570,690
92054,18890,2170,690
92056,26560,4630,1030
92057,27220,4230,1020
92058,16910,1360,190
92059,900,170,40
92061,1450,210,80
92064,22650,4980,3100
92065,17150,3550,1020
92066,150,0,0
92069,21770,3390,890
92070,560,60,20
92071,26430,5280,870
92075,6780,1370,1490
92078,21340,4430,2270
92081,13730,2530,670
92082,9270,1720,690
92083,17710,1390,210
92084,22400,2750,880
92086,540,50,0
92091,630,130,190
92101,21100,4130,2040
92102,19910,1150,260
92103,19470,3360,2020
92104,25100,2980,920
92105,29990,1140,100
92106,9530,1930,1660
92107,15280,2470,1250
92108,12720,2210,540
92109,25460,3770,1870
92110,13340,1950,820
92111,22630,3040,720
92113,21650,400,30
92114,31920,2500,170
92115,25830,2670,690
92116,18530,2590,960
92117,26980,4540,1450
92118,7840,1770,1440
92119,11960,2800,740
92120,14560,3290,1270
92121,2570,560,480
92122,18920,4060,2050
92123,14880,2540,600
92124,13220,2780,990
92126,37050,6870,1340
92127,19690,4830,4990
92128,23990,6340,2810
92129,24190,6260,3450
92130,24810,5480,7530
92131,16480,4440,3800
92139,17440,1740,100
92154,43100,3520,390
92173,23050,570,80
92201,24940,1680,390
92203,12670,2530,570
92210,1870,420,440
92211,12240,2430,940
92220,13920,1070,540
92223,23910,4470,650
92225,5340,460,60
92227,10450,930,250
92230,930,30,0
92231,25490,780,80
92233,1430,100,0
92234,22210,1700,370
92236,17640,380,40
92240,15120,570,70
92241,2820,140,30
92242,350,20,0
92243,19350,1630,360
92249,2960,210,0
92250,3310,300,70
92251,8570,1490,150
92252,3260,260,60
92253,16440,2780,1400
92254,5910,30,0
92256,1470,150,0
92257,480,20,0
92260,14050,1820,870
92262,11810,1510,790
92264,9120,1250,720
92270,7970,1590,1380
92274,6980,110,20
92276,3430,150,30
92277,8440,620,50
92282,410,0,0
92283,1020,0,0
92284,9330,910,130
92285,620,30,0
92301,12350,370,40
92305,300,60,0
92307,16450,2210,410
92308,16230,1820,330
92309,270,0,0
92310,2690,190,0
92311,11960,880,70
92313,5980,930,150
92314,3740,410,90
92315,3340,390,150
92316,14060,590,60
92320,4250,710,90
92324,25370,1380,240
92327,210,0,0
92328,200,0,0
92335,40540,1250,80
92336,43160,7190,950
92337,16990,1580,130
92339,540,100,0
92342,2760,470,60
92344,8800,1280,210
92345,31930,2470,220
92346,25530,3470,820
92347,210,0,0
92354,9950,1470,530
92356,1890,120,0
92358,370,50,0
92359,3890,490,70
92363,1750,170,20
92365,670,50,0
92368,280,0,0
92371,3950,420,50
92372,2010,270,30
92373,15830,3000,1770
92374,18200,2730,690
92376,36140,1450,80
92377,10310,1310,120
92392,23030,1930,160
92394,13050,800,60
92395,16840,1260,240
92397,2440,550,110
92399,23710,4040,1030
92401,650,0,0
92404,24620,1090,150
92405,12260,430,30
92407,26370,2800,320
92408,5310,230,40
92410,18670,260,0
92411,10630,160,0
92501,8980,700,130
92503,38370,4150,940
92504,23710,2290,610
92505,21500,1820,220
92506,20780,4150,1800
92507,21940,1770,360
92508,15270,3580,960
92509,32900,2690,310
92518,510,120,40
92530,22810,2260,240
92532,10730,2120,270
92536,1340,170,30
92539,1520,130,0
92543,13390,420,80
92544,18270,1520,300
92545,17070,1380,140
92548,2580,130,0
92551,13760,790,40
92553,30860,1090,60
92555,17830,2510,300
92557,22970,2280,230
92561,630,110,50
92562,27230,5300,1720
92563,28740,5750,970
92567,4070,380,60
92570,21030,1290,230
92571,23030,1390,70
92582,7350,650,60
92583,11760,590,40
92584,21290,4180,570
92585,9630,1470,200
92586,9990,790,90
92587,7640,1500,410
92590,2140,240,220
92591,17940,3430,950
92592,33560,7560,2630
92595,14940,2250,340
92596,11450,2530,400
92602,11580,2710,1950
92603,8680,1930,2250
92604,12820,2770,1300
92606,9860,2080,1040
92610,5660,1570,870
92612,11660,2360,1300
92614,12430,2660,1310
92617,3420,550,560
92618,19530,4770,3180
92620,24510,5460,3970
92624,3800,680,410
92625,6520,1210,2240
92626,24740,4190,1710
92627,30020,3750,1790
92629,14040,2750,2040
92630,32400,6580,2540
92637,9980,1460,410
92646,28850,6540,3140
92647,29080,4950,1580
92648,24190,4620,3410
92649,17940,3860,2380
92651,12140,2230,3050
92653,15010,2780,1880
92655,3970,180,30
92656,25210,6000,2790
92657,4610,800,1830
92660,17730,3320,4830
92661,1810,330,340
92662,1450,280,320
92663,10710,1830,1990
92672,18500,3160,2080
92673,13460,3080,3150
92675,16830,2500,2150
92676,970,200,130
92677,31860,6640,5150
92679,14790,3320,3860
92683,43290,4720,1080
92688,21270,5160,2240
92691,23780,5400,2080
92692,23470,5520,3090
92694,12620,3530,3210
92701,20580,650,110
92703,28330,850,70
92704,39670,2140,350
92705,21620,3410,2980
92706,16200,1630,550
92707,27570,1440,210
92708,27640,5420,2020
92780,26770,3200,1020
92782,13070,3020,2150
92801,28510,1830,250
92802,18600,1340,210
92804,38900,3220,420
92805,32550,2350,290
92806,19040,2210,360
92807,18050,4230,1930
92808,9700,2480,1440
92821,19120,4030,1490
92823,2390,660,370
92831,15960,2170,910
92832,11690,1280,250
92833,23700,3530,1200
92835,11770,2460,1780
92840,25230,2240,280
92841,15650,1390,250
92843,20640,1140,140
92844,10800,670,90
92845,8250,2120,500
92860,10910,2190,700
92861,2890,550,880
92865,9880,1890,480
92866,6860,940,280
92867,19480,3550,1970
92868,10830,1150,190
92869,18540,3550,1790
92870,24800,4730,1550
92879,20810,2360,410
92880,30050,6830,1620
92881,13540,2900,1100
92882,30060,4630,1160
92883,14260,3580,1020
92886,23210,5590,3760
92887,9890,2300,1830
93001,15410,1920,880
93003,24100,4310,1360
93004,14470,3070,700
93010,21270,4490,1640
93012,16930,3980,2030
93013,7610,1160,520
93015,7730,920,140
93021,17880,3700,1970
93022,3070,540,150
93023,9320,1530,770
93030,25670,2290,290
93033,35560,1390,90
93035,13750,2300,710
93036,20640,2560,500
93041,9820,890,110
93060,14590,1190,260
93063,26970,5620,1660
93065,35020,6870,2810
93066,1630,280,240
93101,15150,1630,740
93103,9380,1180,710
93105,12700,2430,1840
93108,4520,840,1430
93109,5280,940,770
93110,7790,1280,930
93111,9020,1920,1110
93117,18160,2910,1170
93202,1640,50,0
93203,7750,130,0
93204,3570,80,0
93205,670,40,0
93206,840,40,30
93210,5230,540,70
93212,5210,190,40
93215,17830,650,100
93219,3850,40,0
93221,5860,720,210
93223,3910,70,0
93224,140,0,0
93225,2070,250,40
93226,90,20,0
93230,26370,2750,550
93235,1650,30,0
93238,660,100,30
93239,560,0,0
93240,1990,190,20
93241,6400,70,0
93242,1340,80,30
93244,200,40,0
93245,15010,1660,230
93247,6640,230,50
93249,1000,0,0
93250,5290,120,20
93252,490,30,0
93254,290,20,0
93255,180,0,0
93256,1860,50,0
93257,27470,1700,290
93263,8020,550,80
93265,1680,350,90
93266,590,0,0
93267,2310,100,30
93268,5750,610,70
93270,2400,100,30
93271,1040,190,50
93272,1260,40,20
93274,27730,2260,430
93277,21550,2420,520
93280,8720,350,50
93283,580,40,0
93285,830,80,0
93286,3650,190,30
93291,22460,2900,1020
93292,16620,1880,370
93301,4960,350,150
93304,18040,470,50
93305,12100,410,70
93306,28200,2830,640
93307,30100,790,70
93308,19610,2160,460
93309,24190,2020,560
93311,20120,4000,1680
93312,23980,5800,1380
93313,21880,2330,250
93314,12780,3690,1270
93401,14280,2540,1330
93402,6840,1210,280
93405,7770,1260,600
93420,13660,2850,1190
93422,14530,2810,680
93426,500,70,30
93427,2980,550,150
93428,3340,580,230
93430,1490,280,120
93432,700,130,50
93433,5930,780,160
93434,3210,120,20
93436,22800,2740,440
93437,1270,120,0
93442,5390,850,250
93444,10340,1890,670
93445,2930,250,30
93446,19750,3210,890
93449,4060,890,470
93450,280,20,0
93451,1860,190,50
93452,230,30,0
93453,1300,230,40
93454,16700,1310,220
93455,20110,3920,870
93458,24070,920,70
93460,2790,550,380
93461,610,40,0
93463,3730,730,430
93465,4900,1080,410
93501,1720,130,0
93505,4080,380,40
93510,3710,930,290
93513,780,120,0
93514,6030,980,220
93516,640,70,0
93517,370,40,0
93518,410,60,0
93523,1150,190,0
93526,290,50,0
93527,900,180,20
93531,250,80,30
93532,1150,190,20
93534,15970,990,130
93535,29530,1570,140
93536,28870,5450,1030
93543,5300,370,30
93544,390,70,0
93545,850,110,20
93546,4430,520,230
93550,30680,1400,110
93551,23430,4810,1150
93552,16920,1210,90
93553,750,120,0
93555,13550,2570,430
93560,8260,1060,130
93561,12130,2330,410
93562,490,60,0
93591,2440,110,0
93601,830,120,40
93602,1470,230,60
93604,350,50,20
93608,420,0,0
93609,2220,120,30
93610,6320,570,140
93611,20670,4410,1000
93612,15040,1000,130
93614,5040,860,160
93615,2080,20,0
93616,1040,30,0
93618,11740,530,100
93619,18030,5090,2200
93620,3800,210,60
93621,200,0,0
93622,4020,140,50
93625,3390,380,70
93626,890,210,140
93628,130,0,0
93630,7700,470,100
93631,6930,1040,300
93635,18360,1770,230
93636,5490,1130,290
93637,15600,1280,290
93638,18670,650,80
93640,5580,50,0
93641,130,0,0
93643,1310,180,40
93644,3940,490,140
93645,140,40,0
93646,3680,60,20
93647,4190,90,0
93648,6150,110,0
93650,1700,50,20
93651,840,200,60
93652,270,0,0
93653,440,70,0
93654,12640,950,200
93656,2360,100,30
93657,15150,1360,300
93660,1630,20,0
93662,12470,660,100
93664,350,80,40
93667,970,160,20
93668,420,30,0
93669,110,0,0
93675,1350,160,20
93701,3500,40,0
93702,15870,150,0
93703,12280,190,20
93704,12240,1370,440
93705,14060,500,40
93706,13430,340,100
93710,12430,1130,170
93711,18070,3330,1860
93720,21400,4370,1540
93721,1510,60,30
93722,34830,3090,460
93723,4560,780,150
93725,9790,330,70
93726,16500,540,50
93727,30380,2580,340
93728,6320,230,30
93730,5470,1330,1160
93901,12670,1780,510
93905,27100,1010,90
93906,27140,2600,380
93907,10010,1660,450
93908,6050,1490,1270
93920,660,40,20
93923,5110,1120,1200
93924,3100,650,480
93925,830,40,20
93926,4290,320,50
93927,8050,380,60
93930,6880,460,100
93933,11800,1670,340
93940,14590,2620,1280
93950,7590,1560,680
93953,2100,490,640
93955,14890,1420,230
93960,8050,690,110
94002,13520,3090,3700
94005,2830,630,630
94010,20980,3870,6740
94014,25100,3470,760
94015,33130,5840,1620
94019,8110,1550,1440
94020,780,210,140
94022,10040,1670,4610
94024,11160,1950,4990
94025,19940,3660,6520
94027,3240,450,1570
94028,3480,570,1650
94030,11880,2650,2100
94038,1470,310,230
94040,16780,3640,4760
94041,7760,1720,2200
94043,16270,3890,4500
94044,20310,5090,2530
94060,760,80,60
94061,18040,3500,3110
94062,13590,2530,4420
94063,16300,2210,1370
94065,6140,1510,2090
94066,23340,4660,2160
94070,15660,3290,5230
94074,120,30,0
94080,34870,6620,2830
94085,11610,2700,2050
94086,23840,5840,5200
94087,25840,5640,8030
94089,11720,2580,1660
94102,16060,2980,1630
94103,17150,3810,2290
94104,1290,250,430
94105,7360,2120,2590
94107,18180,4950,4610
94108,7160,1260,700
94109,33710,8090,5070
94110,38950,7390,5880
94111,2820,610,840
94112,44390,5530,2080
94114,20580,5410,5490
94115,19790,4740,3870
94116,24070,4580,2990
94117,23110,6000,4320
94118,21380,4290,3770
94121,23260,4330,2810
94122,32190,6450,3590
94123,15360,4500,4120
94124,19070,1730,530
94127,10610,2270,3060
94129,1940,360,390
94130,1060,70,0
94131,15970,3830,3970
94132,13900,2270,1320
94133,14750,2800,1870
94134,22790,2540,750
94158,4820,1340,1320
94301,8550,1660,3410
94303,22390,2740,3710
94304,1920,470,660
94305,3450,360,820
94306,13610,2640,4340
94401,17550,3290,1790
94402,13430,2820,3840
94403,22480,4910,4350
94404,17570,4770,4580
94501,32290,6470,3550
94502,7030,1900,1520
94503,10090,1920,610
94505,7070,2070,880
94506,11190,2290,4410
94507,7590,1340,3160
94508,1340,240,120
94509,29970,3420,390
94510,14230,3640,1660
94513,29250,7680,2900
94514,540,80,30
94515,3490,440,260
94517,6440,1820,1220
94518,13380,2810,1070
94519,9290,2000,380
94520,17230,1710,260
94521,20840,5070,1760
94523,17290,4290,2270
94525,1770,340,80
94526,16360,3880,4980
94530,13720,3000,1680
94531,20760,4000,750
94533,34050,4290,790
94534,19310,5070,2020
94535,2050,130,0
94536,32260,7500,5150
94538,30410,6730,3250
94539,23280,4790,7880
94541,31270,4270,920
94542,6860,1450,1020
94544,37580,4590,850
94545,16620,2720,770
94546,22600,5040,1880
94547,12790,3070,900
94549,13970,2850,4850
94550,23850,6190,4500
94551,20500,5180,2180
94552,7430,1930,1630
94553,24960,5920,1960
94555,15800,3740,3720
94556,7160,1580,2480
94558,32700,5810,2990
94559,13490,2040,910
94560,22830,4540,2350
94561,19210,4320,780
94563,9150,1740,3820
94564,10130,2010,440
94565,43300,5250,810
94566,21140,4620,5750
94567,300,60,0
94568,27420,7490,6840
94571,5100,990,180
94572,4290,710,110
94574,4160,710,690
94577,24840,4030,1200
94578,19700,2240,390
94579,11010,1740,400
94580,14920,2490,340
94582,18220,4120,6460
94583,21430,5300,6700
94585,14330,2170,230
94586,550,120,130
94587,35130,6390,3180
94588,16710,4410,3780
94589,14650,1410,110
94590,17660,1520,210
94591,27730,5020,1150
94592,430,100,60
94595,10220,2380,1670
94596,12020,2660,2170
94597,11910,3060,1710
94598,13490,3420,3460
94599,1490,260,150
94601,22930,1470,260
94602,14800,2880,1890
94603,15430,890,70
94605,20840,3280,1210
94606,19100,1750,410
94607,13500,1980,800
94608,17020,3170,1210
94609,12300,1910,980
94610,18310,3820,2630
94611,20880,4400,5480
94612,8580,1490,600
94618,8870,2010,2610
94619,12500,2390,1340
94621,13690,520,40
94702,8870,1640,880
94703,10320,1770,970
94704,6730,660,340
94705,7470,1440,1700
94706,9280,2100,1320
94707,6880,1590,2050
94708,5880,1370,1870
94709,5230,910,530
94710,4070,670,310
94801,13560,920,290
94803,12600,2430,630
94804,20330,2220,490
94805,7250,1170,290
94806,28990,2870,340
94901,19700,3100,3170
94903,14870,3350,2600
94904,6230,1100,1940
94920,6130,1090,2520
94922,240,50,0
94923,730,150,90
94924,630,90,50
94925,4890,970,1480
94928,20980,3220,650
94930,4280,980,650
94931,4920,830,250
94937,500,80,60
94939,3680,770,1090
94941,15100,3020,4800
94945,8760,1930,1320
94946,310,50,80
94947,12160,2710,1520
94949,8730,1670,1380
94951,2280,460,240
94952,16280,3280,1630
94954,18820,4190,1300
94956,810,120,70
94960,7310,1550,1940
94965,6120,1370,1340
95003,11720,2680,1680
95004,1970,400,140
95005,3080,670,300
95006,4460,1080,440
95008,23800,4880,4470
95010,5400,950,390
95012,5240,260,50
95014,26630,5830,9520
95017,440,60,30
95018,3960,840,320
95019,3910,240,40
95020,28610,5380,2730
95023,24220,4320,1120
95030,6600,1140,2700
95032,13150,2580,4420
95033,4240,910,1230
95035,35930,7450,5350
95037,23550,4980,4160
95039,740,80,20
95043,270,60,0
95045,1930,370,130
95046,3430,560,320
95050,18280,3840,2510
95051,29350,7000,5760
95054,11520,2960,2930
95060,20520,3280,2350
95062,17710,2950,1250
95064,610,120,30
95065,4090,830,520
95066,7270,1620,1330
95070,16010,2830,6510
95073,5770,1050,650
95075,340,70,40
95076,37120,3520,1000
95110,9300,1600,760
95111,29040,3070,740
95112,25530,3520,1570
95113,1500,340,270
95116,22770,1830,330
95117,14040,2170,1490
95118,15390,3230,2530
95119,4900,1180,710
95120,17740,3610,6340
95121,18730,2760,1110
95122,26510,2020,280
95123,33430,7050,3790
95124,22690,4820,5570
95125,25880,5030,6120
95126,17870,3470,2470
95127,30230,4020,1380
95128,16980,3100,2110
95129,18250,3800,4840
95130,6370,1130,1340
95131,15360,3230,2200
95132,20440,4010,2350
95133,13680,2360,1160
95134,13870,4770,2950
95135,9670,2020,2780
95136,22070,4510,2520
95138,8860,1660,2310
95139,3200,860,500
95140,190,30,40
95148,22700,4130,2410
95202,1800,50,0
95203,6200,320,50
95204,12920,1190,260
95205,14990,320,30
95206,27420,1450,100
95207,20640,1640,370
95209,18680,2940,500
95210,15610,630,50
95212,12090,1620,410
95215,8940,620,170
95219,12760,2490,1160
95220,3010,480,180
95222,1830,350,80
95223,1740,290,90
95228,1930,360,130
95230,330,70,0
95231,1710,130,30
95232,110,0,0
95236,2520,410,170
95237,1720,260,60
95240,18790,1720,460
95242,12330,2300,770
95245,760,100,20
95246,580,70,20
95247,2100,350,120
95249,1600,180,40
95251,300,60,0
95252,6000,1160,180
95255,660,60,0
95257,180,0,0
95258,2560,460,190
95301,15410,1690,320
95303,350,50,0
95304,5870,1180,520
95306,400,70,30
95307,18470,1340,160
95310,1040,140,30
95311,760,90,0
95313,600,40,20
95315,5040,240,0
95316,3110,490,140
95317,350,30,0
95320,5580,1040,220
95321,1680,240,80
95322,4010,340,40
95323,560,80,30
95324,3100,360,90
95326,4580,710,170
95327,2650,320,60
95328,1640,110,0
95329,1040,170,40
95330,10680,1670,290
95333,1060,70,20
95334,6630,330,40
95335,130,0,0
95336,21550,3120,540
95337,17440,3300,610
95338,4510,570,120
95340,13470,1700,490
95341,11440,330,50
95345,340,40,0
95346,490,70,20
95348,11860,1040,160
95350,22840,2250,460
95351,17460,630,80
95354,10650,760,190
95355,25970,4060,920
95356,14200,2050,1000
95357,6070,800,240
95358,12860,960,220
95360,5230,420,60
95361,14410,2520,700
95363,11730,1460,230
95365,1850,40,0
95366,7910,1730,720
95367,10650,1280,200
95368,6470,910,110
95369,340,50,0
95370,11970,1760,430
95372,1220,170,20
95374,700,60,0
95376,24080,3550,540
95377,14270,3280,910
95379,1780,250,40
95380,16340,1220,260
95382,16020,2710,700
95383,1990,340,90
95385,130,20,0
95386,4220,400,70
95388,4930,180,30
95389,610,40,0
95391,6820,2340,860
95401,17900,2270,580
95403,18970,2990,920
95404,18050,3160,1640
95405,11610,2360,1000
95407,18540,1620,220
95409,14270,3010,1440
95410,390,40,20
95412,100,0,0
95415,660,70,0
95421,630,90,20
95422,4670,160,30
95423,1340,100,0
95425,5330,830,230
95428,750,30,0
95432,170,30,0
95436,2890,500,160
95437,6510,580,150
95439,530,90,30
95441,1240,170,90
95442,1500,260,170
95444,710,110,40
95445,1460,230,130
95446,2340,300,60
95448,9050,1510,1050
95449,720,60,20
95450,180,40,0
95451,4710,550,130
95452,830,160,130
95453,4850,550,150
95454,960,60,0
95456,380,40,20
95457,1410,140,20
95458,970,60,0
95459,210,40,0
95460,1460,210,90
95461,1450,170,40
95462,600,70,30
95464,870,40,0
95465,1140,170,80
95466,610,50,20
95467,2370,460,70
95468,610,60,0
95469,730,80,40
95470,2600,370,90
95472,13760,2550,1200
95476,16320,2890,1580
95482,13470,1500,450
95485,1050,80,0
95490,5630,540,100
95492,14400,3030,1090
95494,110,20,0
95501,9070,710,140
95503,9950,1210,300
95519,7800,1030,230
95521,7880,660,190
95524,1010,210,90
95525,860,100,20
95526,160,0,0
95527,140,0,0
95528,360,50,0
95531,8060,810,130
95536,1280,180,60
95540,5700,640,160
95542,840,60,30
95543,270,50,0
95546,960,50,0
95547,550,90,30
95548,360,0,0
95549,300,60,20
95551,650,80,0
95552,100,0,0
95554,150,0,0
95558,170,0,0
95560,990,50,30
95562,1200,80,0
95564,170,0,0
95565,330,0,0
95567,860,90,0
95570,1140,170,60
95573,680,60,20
95585,130,0,0
95589,470,40,0
95602,8400,1650,690
95603,12770,2350,880
95605,5850,410,120
95606,130,0,30
95607,110,30,0
95608,28980,5100,1960
95610,21290,2500,260
95612,650,110,50
95614,1940,480,120
95615,420,50,0
95616,16310,2970,2060
95618,10920,2340,1810
95619,2620,330,70
95620,10140,1780,380
95621,20580,2160,160
95623,2290,420,100
95624,28560,5830,1450
95626,2690,400,70
95627,1740,210,30
95628,21250,4520,1650
95629,450,70,20
95630,32640,9130,4410
95631,2900,600,120
95632,13730,2270,360
95633,1380,240,30
95634,1400,210,40
95635,530,110,0
95636,410,60,0
95637,150,30,0
95638,1080,240,40
95640,3800,590,90
95641,810,100,20
95642,3580,540,160
95645,680,50,0
95648,24790,6110,1610
95650,6460,1390,910
95651,400,80,30
95652,250,0,0
95655,1850,450,70
95658,3260,690,380
95659,300,80,0
95660,14110,500,40
95661,15270,3350,1460
95662,15960,3060,670
95663,1400,360,170
95664,660,160,50
95665,2120,350,70
95666,2270,320,60
95667,17140,3110,830
95668,360,60,20
95669,1220,210,70
95670,25980,3490,910
95672,2200,580,260
95673,6950,730,90
95674,390,70,30
95677,13040,2790,970
95678,21170,3590,840
95681,620,90,0
95682,14510,3340,1130
95683,3280,1040,420
95684,1290,190,40
95685,2290,440,110
95687,29520,5780,1140
95688,18040,4070,1450
95689,620,140,40
95690,1160,120,50
95691,17260,3300,690
95692,2170,330,60
95693,3270,760,380
95694,4590,710,240
95695,17010,2290,680
95703,910,170,40
95709,2350,480,120
95713,3690,670,160
95722,2450,580,260
95726,3880,700,100
95742,5930,1910,390
95746,10460,2370,2840
95747,31350,9010,2920
95757,20390,5240,1410
95758,29320,5550,1190
95762,20940,5900,4730
95765,17260,4670,2050
95776,12030,1710,390
95811,4030,420,140
95814,4300,500,200
95815,9900,360,70
95816,10470,1590,750
95817,6300,690,120
95818,11310,2250,1240
95819,8990,2420,1220
95820,15490,1140,100
95821,16360,2040,440
95822,20480,2250,560
95823,32090,1430,100
95824,11810,300,30
95825,15680,1230,440
95826,17830,2320,270
95827,10160,980,110
95828,25840,1590,160
95829,13790,2520,590
95830,370,60,50
95831,21820,4560,1470
95832,4610,170,0
95833,18340,1950,260
95834,14190,2010,330
95835,17530,3910,980
95837,110,20,30
95838,16130,610,40
95841,9340,630,120
95842,14300,780,50
95843,20760,2870,270
95864,11560,2400,2000
95901,13350,1190,150
95903,850,60,0
95912,2340,250,70
95914,350,50,0
95916,440,40,0
95917,1360,140,30
95918,970,250,60
95919,430,40,0
95920,110,20,0
95922,210,0,0
95926,15910,2040,450
95928,15450,2020,740
95932,3380,340,110
95934,100,0,0
95935,280,20,0
95938,2130,390,170
95939,120,0,0
95941,160,0,0
95942,650,140,30
95943,360,50,40
95945,11770,1420,390
95946,4830,920,260
95947,700,90,0
95948,4540,420,90
95949,9010,1630,470
95953,4220,300,60
95954,3880,310,40
95957,310,50,0
95959,8570,1530,540
95960,490,30,0
95961,10290,1100,100
95962,660,100,0
95963,6740,570,120
95965,7400,510,110
95966,11290,1200,210
95968,780,50,0
95969,7680,860,170
95970,250,40,0
95971,2790,360,60
95973,16360,2760,740
95975,780,120,20
95977,650,90,20
95979,160,0,0
95982,1480,250,50
95983,200,0,0
95987,2830,140,40
95988,3670,340,80
95991,16400,1440,300
95993,15790,2270,550
96001,13650,2010,630
96002,13970,1520,360
96003,18640,2470,490
96006,190,20,0
96007,9220,850,110
96008,700,120,30
96013,1580,170,0
96015,120,0,0
96016,140,30,0
96019,3920,330,30
96020,1180,170,30
96021,6250,390,60
96022,6570,950,180
96023,420,0,0
96024,290,40,0
96025,910,60,0
96027,840,110,0
96028,570,90,0
96032,900,90,20
96033,180,0,0
96034,140,0,0
96035,1170,90,0
96038,260,30,0
96039,370,0,0
96041,680,40,0
96044,370,30,0
96047,330,60,0
96048,230,20,0
96050,130,0,0
96051,490,50,20
96052,460,50,0
96055,1480,160,20
96056,620,100,0
96057,540,60,0
96058,280,0,0
96059,210,20,0
96062,450,70,40
96064,1670,140,20
96065,160,0,0
96067,3580,500,130
96069,340,50,0
96073,2220,530,190
96080,12010,1250,300
96086,100,0,0
96088,1970,230,30
96091,250,30,0
96094,2800,300,50
96096,300,50,0
96097,4300,380,80
96101,1950,210,30
96103,780,140,30
96104,300,30,0
96105,190,30,0
96107,430,40,0
96109,310,30,0
96114,1260,270,30
96117,150,20,0
96118,610,80,0
96120,390,80,0
96121,170,30,0
96122,1710,160,40
96124,130,30,0
96125,110,0,0
96128,240,50,0
96130,5900,900,90
96134,860,70,0
96137,1210,160,30
96146,750,90,70
96150,8520,1000,330
96161,5920,1200,740
