32003,13050,2890,1020
32008,2040,150,30
32009,1400,190,20
32011,6500,770,80
32024,7720,660,100
32025,7520,470,70
32033,2230,280,30
32034,15800,3020,1410
32038,3810,270,40
32040,3240,330,30
32043,13790,2060,540
32044,680,50,0
32046,3910,350,50
32052,2430,130,20
32053,1540,90,0
32054,3860,270,50
32055,6330,410,110
32058,1440,110,0
32059,1040,80,0
32060,7670,490,100
32061,130,0,0
32062,980,80,0
32063,5260,520,70
32064,2990,140,50
32065,15870,2130,300
32066,1910,140,20
32068,23160,2470,240
32071,1360,100,0
32073,20170,2020,380
32080,11040,1910,840
32081,5620,1790,780
32082,15230,2960,3320
32083,590,30,0
32084,15290,1210,420
32086,13400,1580,290
32087,1620,130,0
32091,6050,420,50
32092,14850,3540,1000
32094,1120,80,0
32095,4290,830,450
32096,1120,80,0
32097,8410,1040,110
32102,970,80,0
32110,3220,140,20
32112,2490,100,0
32113,2360,130,20
32114,12910,280,80
32117,11500,310,60
32118,8770,830,420
32119,10460,630,120
32124,1890,270,80
32127,14340,1450,470
32128,8840,1500,520
32129,10390,680,90
32130,2330,160,20
32131,1840,190,40
32132,3580,230,50
32134,2770,140,30
32136,3980,520,230
32137,19500,2460,950
32139,390,20,0
32140,640,40,0
32141,8110,570,60
32145,2240,70,20
32148,3660,140,0
32159,13940,1420,350
32162,27650,5720,1150
32164,20230,1450,160
32168,12150,1370,430
32169,5190,920,460
32174,24370,3130,1130
32176,7290,850,460
32177,9410,610,80
32179,2970,120,30
32180,1640,100,0
32181,880,40,0
32187,870,70,0
32189,1970,100,0
32190,500,30,0
32193,480,60,0
32195,1560,110,40
32202,1810,140,150
32204,3780,320,180
32205,13840,950,460
32206,7160,180,40
32207,16390,1460,920
32208,13670,320,30
32209,13940,130,0
32210,28700,1650,760
32211,14550,590,110
32212,750,20,0
32216,19490,1520,260
32217,9890,960,440
32218,27540,2280,190
32219,5490,390,40
32220,5590,640,60
32221,12900,1300,120
32222,5150,530,20
32223,12800,2370,790
32224,18900,3120,1430
32225,27800,3700,990
32226,8460,1540,280
32227,610,30,0
32228,140,0,0
32233,11620,1300,710
32234,3140,230,30
32244,28150,1670,110
32246,25230,2460,360
32250,15520,2390,1210
32254,5680,90,0
32256,24460,2720,1360
32257,19550,2220,570
32258,15120,3040,480
32259,20300,5890,2050
32266,3870,680,300
32277,14690,1080,150
32301,13000,670,170
32303,23140,1640,350
32304,12580,140,20
32305,8240,270,20
32308,11190,1600,580
32309,14600,3180,910
32310,6080,250,40
32311,9250,1400,360
32312,15250,3690,1660
32317,7310,1690,350
32320,1410,110,0
32321,1810,150,0
32322,1140,80,30
32324,1730,110,0
32327,10480,1060,120
32328,1380,150,80
32331,1570,120,0
32332,840,0,0
32333,5300,450,80
32334,660,60,0
32336,560,50,0
32340,3600,200,30
32343,1540,40,0
32344,4480,400,80
32346,740,70,30
32347,3110,260,40
32348,3910,300,50
32350,570,60,0
32351,6410,270,50
32352,2590,120,20
32358,840,100,0
32359,710,80,0
32401,10780,510,230
32403,1260,90,0
32404,17490,1430,170
32405,13920,1260,360
32407,6040,600,190
32408,8210,890,330
32409,4040,430,80
32413,7600,860,330
32420,900,70,0
32421,1630,100,0
32423,510,30,0
32424,2290,150,30
32425,4570,260,40
32426,380,0,0
32427,460,0,0
32428,5940,460,80
32430,500,40,0
32431,1960,110,0
32433,5830,300,50
32435,2900,220,40
32437,260,0,0
32438,1430,50,0
32439,4170,420,110
32440,2130,140,30
32442,1520,100,0
32443,1290,50,0
32444,9970,1550,310
32445,560,30,0
32446,3970,410,90
32448,3360,150,20
32449,180,0,0
32455,1620,80,0
32456,3460,350,120
32459,8790,1280,850
32460,1670,110,0
32462,1380,80,0
32464,1410,90,0
32465,2280,160,0
32466,2730,180,20
32501,4220,300,140
32502,1770,150,120
32503,15110,1470,560
32504,11130,1140,400
32505,11600,350,80
32506,15830,1110,100
32507,13990,1480,520
32508,1450,40,0
32514,18430,1600,300
32526,17990,1700,260
32531,2650,290,40
32533,12920,1850,260
32534,7340,500,70
32535,1740,150,0
32536,12090,1470,200
32539,11050,1030,80
32541,9690,1330,800
32542,1430,40,0
32544,1100,30,0
32547,16990,1430,260
32548,11450,930,260
32550,4150,710,580
32561,4400,870,660
32563,11300,1710,690
32564,1220,120,0
32565,2280,300,50
32566,17470,2740,380
32567,1550,140,20
32568,1330,150,20
32569,6150,610,110
32570,13030,1170,150
32571,14680,2160,400
32577,2220,270,60
32578,16010,3380,880
32579,5520,910,260
32580,2070,240,50
32583,9700,900,170
32601,6820,320,130
32603,1130,70,50
32605,11920,1740,630
32606,11160,1870,580
32607,13290,1070,540
32608,20160,2420,1240
32609,7650,280,30
32615,6380,850,190
32617,1760,170,0
32618,3060,270,50
32619,1940,140,0
32621,2120,70,0
32622,560,50,0
32625,660,70,20
32626,2730,150,20
32628,1490,100,0
32631,230,60,0
32640,4140,270,40
32641,5520,160,0
32643,4550,570,80
32648,140,0,0
32653,6500,1060,350
32656,5730,460,50
32666,2490,260,60
32667,1680,220,80
32668,2130,140,40
32669,6160,950,340
32680,3010,110,30
32686,1810,100,60
32693,4310,280,50
32694,780,60,0
32696,5120,340,80
32701,11610,850,210
32702,1360,120,0
32703,22620,1520,310
32707,17570,1470,230
32708,21800,3230,1130
32709,1120,110,0
32712,20650,2970,650
32713,9530,1350,270
32714,18780,1220,380
32720,12880,1170,240
32724,15210,1590,400
32725,21080,1130,110
32726,8790,610,130
32730,2880,150,20
32732,2450,360,140
32735,2120,220,20
32736,4420,660,160
32738,19800,980,90
32744,1690,140,20
32746,20540,3740,1730
32750,11420,1500,330
32751,10420,1700,1020
32754,4930,620,100
32757,11640,1410,480
32759,1170,90,0
32763,9680,590,80
32764,1490,150,30
32765,26470,4940,1420
32766,6890,1740,600
32767,1010,30,0
32771,24070,2570,1020
32773,14140,700,90
32776,5170,660,210
32778,8970,830,210
32779,13840,2750,1770
32780,16720,1750,340
32784,4670,330,60
32789,11930,1780,2210
32792,23550,2110,570
32796,8890,860,140
32798,1640,110,0
32801,8110,990,540
32803,11510,1500,650
32804,9380,1420,930
32805,9870,140,40
32806,13840,1680,860
32807,16340,420,40
32808,23400,290,40
32809,14620,460,260
32810,16330,690,100
32811,20330,230,40
32812,17670,1740,430
32814,4100,870,730
32817,16230,1390,300
32818,23180,680,80
32819,14460,1870,1210
32820,3960,630,160
32821,12440,520,80
32822,29250,600,50
32824,21640,1160,130
32825,28280,2320,370
32826,10840,680,100
32827,5490,1080,630
32828,28570,4490,990
32829,9710,960,150
32832,9790,1750,610
32833,4320,590,110
32835,21670,1550,660
32836,9230,1360,1250
32837,25970,2210,500
32839,26560,490,150
32901,10120,630,130
32903,6840,1330,700
32904,14390,2110,390
32905,11300,530,80
32907,19190,1390,140
32908,5440,290,30
32909,14680,1030,150
32920,5350,590,160
32922,6240,230,90
32925,590,70,0
32926,10060,980,140
32927,12260,1090,90
32931,7360,1230,500
32934,8420,1510,480
32935,20220,1230,200
32937,13370,2240,950
32940,18960,4370,1360
32948,2840,130,0
32949,1070,220,50
32950,2080,400,100
32951,5400,1080,580
32952,10290,1720,720
32953,10850,1760,450
32955,18470,2730,750
32958,12710,1200,210
32960,9480,660,240
32962,11300,820,170
32963,7550,1620,2650
32966,8150,980,270
32967,10150,1220,520
32968,6320,1050,240
32976,3840,190,40
33004,7780,530,130
33009,19080,1090,510
33010,22710,250,40
33012,36610,790,100
33013,17460,290,40
33014,22150,1240,390
33015,32010,1880,250
33016,24010,980,520
33018,24980,1410,270
33019,7400,1240,1080
33020,21520,930,210
33021,22920,2650,1010
33023,33630,1120,90
33024,36280,3090,620
33025,33260,2400,240
33026,15160,2260,650
33027,28340,4760,1340
33028,12680,2580,810
33029,21050,4690,1500
33030,13850,630,130
33031,2950,470,160
33032,19850,930,90
33033,25040,1220,110
33034,8300,120,20
33035,6510,480,60
33036,1990,260,260
33037,7290,880,800
33040,18210,1740,920
33042,3370,630,250
33043,2510,320,110
33050,5490,520,280
33054,13780,170,20
33055,23120,540,50
33056,17830,470,50
33060,16770,1250,480
33062,13090,2010,1420
33063,26780,1870,200
33064,27140,1350,1010
33065,26230,2150,430
33066,8750,730,110
33067,12890,2400,1600
33068,25810,670,40
33069,12460,770,200
33070,3050,410,200
33071,18970,3190,1080
33073,15100,2140,430
33076,15450,3570,2840
33109,220,30,140
33125,25500,420,70
33126,25670,550,140
33127,13230,120,30
33128,2920,20,0
33129,7080,1170,810
33130,13510,940,350
33131,10150,2080,1670
33132,5460,920,540
33133,16460,2000,2430
33134,20540,2540,2360
33135,16610,280,70
33136,6310,150,40
33137,10650,1060,660
33138,13950,1460,1010
33139,19240,2070,2150
33140,9700,1340,1780
33141,18570,1280,930
33142,24320,190,50
33143,14640,1790,2180
33144,14080,560,150
33145,15280,1130,370
33146,5060,860,1560
33147,23490,220,30
33149,5150,870,1590
33150,13020,300,70
33154,6570,940,1020
33155,23590,2190,830
33156,14930,2080,3600
33157,31460,3230,1430
33158,2950,690,790
33160,18970,1790,1620
33161,26090,850,190
33162,21850,550,170
33165,29120,1910,540
33166,12520,1260,390
33167,9650,190,20
33168,13980,280,40
33169,20680,740,90
33170,6270,300,70
33172,22190,750,200
33173,16740,1940,660
33174,15950,650,150
33175,28300,2260,690
33176,25320,3270,2130
33177,27560,1510,170
33178,19750,2660,1180
33179,20520,1210,630
33180,14080,2170,1690
33181,9180,590,490
33182,7190,700,190
33183,18960,1410,320
33184,11290,700,200
33185,13200,1920,380
33186,34020,3960,840
33187,8650,1030,200
33189,11980,910,140
33190,6500,510,60
33192,300,30,30
33193,23900,1610,250
33194,2690,350,80
33195,420,30,50
33196,23310,2660,470
33301,9330,1730,1840
33304,10430,1240,860
33305,6510,930,710
33306,2050,280,260
33308,15810,2610,2010
33309,19710,980,190
33311,32470,700,120
33312,25320,1910,690
33313,28680,570,50
33314,11850,680,180
33315,6890,830,320
33316,6510,870,1070
33317,18310,2250,740
33319,24020,1150,160
33321,25110,1750,200
33322,20090,2160,520
33323,10810,1710,490
33324,23240,2830,1270
33325,14300,2010,830
33326,15590,2600,1250
33327,8810,1880,1650
33328,13050,2510,1100
33330,6820,1250,1220
33331,10520,2310,1410
33332,4550,960,840
33334,15710,1320,350
33351,18200,1330,140
33401,13510,1290,910
33403,6890,280,40
33404,13890,820,590
33405,9740,660,480
33406,13110,780,180
33407,14830,590,170
33408,9900,1610,1390
33409,15450,670,210
33410,18300,2540,1740
33411,34280,4700,1230
33412,7360,1450,880
33413,8040,680,100
33414,26790,4730,2130
33415,22660,580,50
33417,14600,540,70
33418,19840,3800,3300
33426,12110,1000,160
33428,19090,2480,980
33430,8880,240,60
33431,8580,1300,1130
33432,10710,1520,1830
33433,22000,3260,1530
33434,9810,1590,1210
33435,18270,1170,600
33436,21270,2520,990
33437,19360,3620,990
33438,420,0,0
33440,8290,660,110
33441,13750,980,390
33442,14050,1280,320
33444,11730,840,470
33445,16870,1730,740
33446,12110,2170,1770
33449,4450,1070,730
33455,9530,1430,800
33458,25850,4360,2600
33460,16220,610,170
33461,19810,540,70
33462,15950,1150,550
33463,27810,2040,370
33467,24480,4580,1340
33469,7790,1460,1080
33470,13030,2050,380
33471,1870,120,20
33472,8750,1720,580
33473,3810,1170,900
33476,2710,60,0
33477,6500,1330,1370
33478,6430,1440,550
33480,5490,890,1950
33483,7050,1060,1430
33484,12070,1230,500
33486,10740,1950,1160
33487,9410,1620,1390
33493,1280,20,0
33496,10850,1690,2370
33498,6800,1500,870
33510,13410,1220,170
33511,26310,2670,520
33513,4110,300,40
33514,740,50,0
33523,6730,500,130
33525,7390,780,250
33527,6740,770,150
33534,6110,360,40
33538,1750,130,0
33540,3290,200,20
33541,7760,530,50
33542,7970,310,30
33543,11560,1970,420
33544,11480,2090,560
33545,7570,1030,140
33547,10480,2490,1110
33548,3290,650,410
33549,8110,1320,430
33556,10610,2450,1450
33558,10450,2150,980
33559,7260,740,200
33563,11410,550,60
33565,7260,810,150
33566,9410,1040,220
33567,4460,430,70
33569,11600,1810,280
33570,10970,790,100
33572,8870,1880,760
33573,11800,1640,280
33576,2550,360,70
33578,21180,2180,290
33579,12230,1840,260
33584,11820,1070,180
33585,520,60,0
33592,4340,310,140
33594,15320,2200,360
33596,13360,3030,830
33597,3060,170,30
33598,7660,700,130
33602,7580,1280,770
33603,9310,570,120
33604,17160,710,100
33605,7460,140,40
33606,8900,1370,1440
33607,12320,680,200
33609,9070,1240,1140
33610,18420,360,50
33611,15750,2000,1180
33612,19880,670,180
33613,14280,600,450
33614,24160,670,120
33615,23340,1320,470
33616,7650,680,240
33617,19980,1260,370
33618,13490,1930,970
33619,16210,550,60
33621,920,90,0
33624,19970,2240,440
33625,12950,1490,290
33626,13450,3260,1750
33629,11970,2600,2650
33634,11190,580,190
33635,8800,1020,180
33637,7860,390,70
33647,28830,5480,2440
33701,8720,1100,780
33702,14960,1420,500
33703,11900,1670,890
33704,8320,1400,1030
33705,12660,900,260
33706,8280,1350,1020
33707,12230,1270,660
33708,8090,1190,660
33709,11800,580,90
33710,17060,1630,320
33711,8260,540,250
33712,12230,590,130
33713,15320,880,110
33714,8280,240,30
33715,3970,880,700
33716,9470,710,180
33755,12310,700,200
33756,14480,1140,600
33759,9210,900,360
33760,7920,460,100
33761,8830,1310,400
33762,3280,550,250
33763,9160,680,90
33764,12550,1470,390
33765,6720,440,160
33767,4420,880,860
33770,11960,850,330
33771,13710,670,70
33772,11540,1340,300
33773,8290,810,130
33774,8520,980,250
33776,6230,1220,330
33777,8380,1000,380
33778,6670,570,120
33781,12250,610,60
33782,10380,800,200
33785,2970,510,340
33786,830,190,200
33801,12780,370,60
33803,12890,1110,590
33805,9820,400,80
33809,13260,1190,190
33810,20930,1790,240
33811,10300,1230,190
33812,5630,890,200
33813,15920,2740,1030
33815,5150,80,40
33823,13490,1120,180
33825,8790,450,80
33827,1180,150,30
33830,11240,830,140
33834,1990,110,0
33837,11270,890,160
33838,1720,60,0
33839,1800,110,0
33841,3180,200,20
33843,3540,170,20
33844,14400,590,100
33849,680,70,0
33850,3350,230,30
33852,8180,570,160
33853,4550,190,40
33857,540,40,0
33859,4590,340,120
33860,9680,700,90
33865,380,30,0
33868,4230,340,70
33870,8580,330,110
33872,5470,470,130
33873,5310,330,70
33875,4440,460,100
33876,2020,160,0
33880,16330,760,140
33881,13310,740,190
33884,14450,1680,530
33890,2130,130,0
33896,5960,450,100
33897,8430,450,40
33898,6180,450,90
33901,10310,610,400
33903,9950,820,240
33904,15740,1710,530
33905,14340,1040,350
33907,12090,720,220
33908,19300,3250,1880
33909,13090,760,100
33912,8780,1710,940
33913,9440,2190,940
33914,18650,2510,800
33916,10110,340,80
33917,12880,1090,250
33919,15150,1960,860
33920,2500,370,150
33922,1730,220,80
33928,11320,2460,1130
33931,4430,720,440
33935,6390,310,90
33936,9310,310,40
33946,1180,220,190
33947,4350,550,120
33948,7640,580,120
33950,10450,1970,820
33952,14020,700,190
33953,2740,420,150
33954,4800,410,70
33955,4310,650,220
33956,1770,250,90
33957,3310,730,950
33960,320,30,0
33966,4830,800,300
33967,12040,1170,300
33971,10820,420,30
33972,5240,320,30
33973,4880,110,20
33974,6200,210,0
33976,6570,120,0
33980,4930,440,110
33981,5080,600,110
33982,3710,360,110
33983,7020,730,130
33990,14860,1240,170
33991,9900,1210,270
33993,11640,1030,170
34102,5100,740,1500
34103,6400,1050,1540
34104,12690,1400,350
34105,8110,1340,1420
34108,9420,1520,2210
34109,12710,2020,1490
34110,11300,2230,1840
34112,12860,1440,520
34113,10700,1200,800
34114,8170,1160,600
34116,16470,590,140
34117,7190,720,130
34119,14770,2990,1980
34120,15030,2020,660
34134,7570,1560,1930
34135,18940,2990,1520
34141,360,240,20
34142,8720,380,90
34145,7800,1660,1580
34201,2050,580,380
34202,11250,2700,1800
34203,16700,1780,310
34205,14710,680,140
34207,13630,300,60
34208,15630,890,360
34209,16140,2110,760
34210,7790,730,290
34211,3870,1020,470
34212,8570,2120,820
34215,450,80,70
34217,2170,360,280
34219,10780,2220,430
34221,17820,1650,400
34222,5900,610,110
34223,8290,1050,430
34224,7130,580,130
34228,3490,810,1250
34229,3700,780,640
34231,16170,1640,860
34232,17250,1550,360
34233,9020,1190,340
34234,9520,340,130
34235,7250,820,240
34236,6460,1120,1320
34237,8140,240,50
34238,10050,2080,1130
34239,7860,880,580
34240,5630,1220,710
34241,6920,1260,700
34242,3910,760,1040
34243,14380,2110,510
34251,3100,400,80
34266,8870,360,80
34269,1510,170,40
34275,8360,1380,670
34285,8470,1190,510
34286,8920,650,60
34287,10820,750,120
34288,5620,510,90
34289,1190,140,30
34291,3240,300,50
34292,7340,1570,460
34293,18670,2470,630
34420,6780,340,40
34428,3680,300,90
34429,3760,350,110
34431,3280,190,20
34432,5250,430,80
34433,2790,220,20
34434,3670,220,30
34436,3080,210,30
34442,6390,900,270
34446,7350,680,130
34448,3960,250,60
34449,1170,90,20
34450,4370,360,90
34452,5040,300,30
34453,4300,290,50
34461,3990,410,170
34465,7470,710,140
34470,8480,410,60
34471,11790,1350,630
34472,12270,520,60
34473,8180,340,40
34474,7150,470,120
34475,4450,130,40
34476,10320,970,200
34479,5860,330,40
34480,8510,900,460
34481,9430,920,140
34482,8030,560,210
34484,2220,260,100
34488,3930,180,30
34491,12950,1130,170
34498,230,30,0
34601,8470,620,150
34602,3120,310,60
34604,4260,440,70
34606,11740,650,90
34607,3580,410,140
34608,13550,660,60
34609,17630,1540,260
34610,5660,470,70
34613,7670,640,130
34614,3000,200,30
34637,2670,640,180
34638,10690,2100,440
34639,12710,2260,450
34652,10730,680,250
34653,13640,620,50
34654,9770,1020,190
34655,20030,3370,720
34667,13800,960,150
34668,18920,530,90
34669,5900,420,50
34677,11130,1620,650
34683,15700,2630,870
34684,13720,1570,430
34685,8720,1700,850
34688,4150,820,550
34689,11980,1420,420
34690,5820,160,0
34691,9400,450,60
34695,8940,1520,560
34698,18310,2120,670
34705,1190,80,0
34711,28000,3980,810
34714,9250,510,60
34715,7310,890,150
34731,4860,410,80
34734,2160,330,150
34736,8130,740,120
34737,1320,220,80
34739,310,20,0
34741,22990,520,80
34743,18290,380,30
34744,23290,1430,260
34746,21230,1110,230
34747,10460,1130,670
34748,18230,1500,290
34753,2490,80,0
34756,1690,270,130
34758,16720,400,30
34759,15590,870,160
34761,20140,2180,480
34762,380,40,0
34769,11290,560,60
34771,7810,1200,260
34772,11820,1170,160
34773,1520,190,30
34785,5020,260,60
34786,17160,3080,2830
34787,26160,4100,1450
34788,7530,540,120
34797,630,90,40
34945,1800,230,50
34946,2630,80,30
34947,5070,120,0
34949,3580,710,320
34950,6280,110,40
34951,6500,500,70
34952,19060,1270,240
34953,30360,2500,200
34956,3320,130,20
34957,10870,1620,560
34972,6460,350,70
34974,9370,920,180
34981,1850,180,30
34982,11300,630,110
34983,18520,1270,140
34984,7080,570,150
34986,12570,1940,600
34987,4230,850,190
34990,14350,3090,1740
34994,7890,690,300
34996,5050,780,880
34997,20580,2820,1040
