75001,8535,938,365
75002,28437,5954,1631
75006,23164,1811,372
75007,25466,3814,907
75009,3724,661,211
75010,11285,1832,518
75013,14468,4199,2265
75019,18687,4421,2627
75020,9458,596,131
75021,3824,245,40
75022,9442,2946,1759
75023,22814,3756,858
75024,18412,3926,2069
75025,23436,5984,2243
75028,19072,5217,1633
75032,12461,2362,1232
75034,21665,4827,3043
75035,22116,6160,1262
75038,14692,928,457
75039,7401,1160,583
75040,26994,1681,118
75041,12710,443,52
75042,16060,439,49
75043,26823,1995,321
75044,19998,2388,741
75048,9614,2003,284
75050,18214,879,159
75051,15402,277,27
75052,39415,4030,368
75054,4115,1212,211
75056,23755,3731,1321
75057,5973,269,38
75058,1223,202,47
75060,20135,839,67
75061,22948,892,107
75062,21650,1176,337
75063,17778,3322,1183
75065,5084,695,134
75067,30486,2437,290
75068,17010,2549,304
75069,15726,1609,786
75070,35646,8437,2599
75071,16471,3101,830
75074,20325,2100,400
75075,16530,2907,585
75076,3398,356,92
75077,16846,3845,1345
75078,5470,1510,868
75080,20333,2868,881
75081,17385,2092,357
75082,9962,2478,1094
75087,13708,3199,659
75088,11690,1909,379
75089,13319,2483,288
75090,9339,417,72
75092,9960,887,257
75093,23341,4239,3983
75094,8552,2637,860
75098,21540,3383,413
75102,591,40,0
75103,5316,462,95
75104,21106,2054,419
75105,144,0,0
75109,1603,167,49
75110,11566,549,135
75114,2221,295,29
75115,23654,2074,299
75116,8711,433,63
75117,1640,162,0
75119,10567,727,136
75124,1809,128,0
75125,2829,141,0
75126,15311,2445,275
75127,652,32,0
75134,8544,217,0
75135,2559,257,29
75137,8966,784,150
75140,2690,191,23
75141,1463,33,0
75142,7901,640,95
75143,5623,362,63
75144,1287,99,0
75146,8987,418,41
75147,3044,212,31
75148,2304,139,30
75149,24190,1107,102
75150,26786,1286,102
75152,1992,174,25
75153,281,0,0
75154,16587,1847,239
75155,1002,43,0
75156,5350,319,88
75158,1848,184,24
75159,6836,345,41
75160,10234,748,164
75161,2493,191,25
75163,965,100,21
75165,16465,1535,277
75166,1588,303,38
75167,3372,560,99
75169,5974,402,52
75172,1557,0,0
75173,1793,220,21
75180,9320,178,0
75181,11290,1369,101
75182,2419,613,293
75189,9382,1193,145
75201,7746,891,849
75202,1903,201,97
75203,6119,81,23
75204,15650,1801,856
75205,10392,1476,2811
75206,20039,1986,993
75207,1317,89,44
75208,13901,860,407
75209,7923,930,1225
75210,3289,0,0
75211,28562,344,33
75212,9828,69,0
75214,17549,2836,2271
75215,6802,90,29
75216,21478,107,0
75217,32065,210,0
75218,11976,1649,706
75219,14841,1689,1186
75220,16249,631,661
75223,6406,254,100
75224,13896,245,31
75225,11349,1794,3752
75226,1939,104,31
75227,23147,416,48
75228,28758,988,160
75229,15832,1972,1742
75230,14124,1750,2878
75231,16036,930,628
75232,13805,364,39
75233,5887,198,0
75234,14776,1004,329
75235,7912,224,68
75236,6783,143,20
75237,7614,81,0
75238,13580,2029,766
75240,11963,567,443
75241,13603,113,0
75243,29143,1586,662
75244,7136,1029,580
75246,1251,53,0
75247,585,41,0
75248,18523,3188,1810
75249,6603,397,20
75251,1687,142,58
75252,13272,1850,1041
75253,6691,84,0
75254,12601,620,627
75287,29127,1790,1047
75401,6931,199,33
75402,7025,932,159
75407,6170,438,60
75409,5021,441,61
75410,1686,131,22
75411,421,0,0
75412,336,0,0
75414,1302,141,0
75416,1220,80,0
75417,976,82,0
75418,4816,286,45
75420,472,37,0
75421,471,26,0
75422,1167,131,0
75423,1093,120,0
75424,1411,140,20
75426,2212,80,0
75428,3280,175,31
75431,850,36,0
75432,1386,91,0
75433,1136,80,0
75435,429,0,0
75436,826,44,0
75437,448,38,0
75438,443,31,0
75439,407,24,0
75440,2557,208,44
75442,3699,366,59
75446,1318,82,0
75447,449,38,0
75448,269,0,0
75449,419,25,0
75450,103,0,0
75451,523,37,0
75452,1739,158,23
75453,1327,114,0
75454,2866,470,112
75455,10532,547,131
75457,2618,214,45
75459,1767,188,22
75460,9062,264,76
75462,4770,490,159
75468,410,31,0
75469,167,0,0
75471,532,23,0
75472,1370,91,0
75473,1572,160,34
75474,5979,404,39
75476,541,47,0
75477,409,0,0
75478,390,0,0
75479,732,49,0
75480,630,62,22
75481,156,0,0
75482,9616,579,115
75486,980,70,0
75487,568,43,0
75488,412,22,0
75490,985,113,0
75491,1974,162,30
75492,239,0,0
75494,4237,277,47
75495,3112,464,104
75496,1263,98,0
75497,1427,126,50
75501,14549,744,74
75503,11048,1328,546
75550,351,0,0
75551,4627,377,51
75554,713,41,0
75555,581,43,0
75556,520,43,0
75558,599,48,0
75559,2464,160,24
75560,459,22,0
75561,2408,149,0
75563,1711,113,0
75566,306,0,0
75567,1511,105,0
75568,1195,79,0
75569,1602,89,0
75570,3991,287,31
75571,1147,77,0
75572,1571,108,0
75574,734,55,0
75601,6332,513,165
75602,9137,352,76
75603,2552,243,41
75604,12931,1007,294
75605,13143,1672,565
75630,1011,68,0
75631,1111,162,0
75633,6302,730,149
75638,2371,149,0
75639,1190,119,0
75640,1995,206,26
75643,840,88,0
75644,4863,337,52
75645,3779,329,53
75647,5543,446,90
75650,3884,510,112
75651,924,93,0
75652,5173,371,91
75654,4797,397,78
75656,1962,133,0
75657,3426,187,45
75661,1075,86,0
75662,10047,836,154
75667,481,37,0
75668,843,48,0
75669,249,0,0
75670,7026,226,50
75672,6907,650,157
75681,1099,71,0
75683,1544,103,0
75684,2353,153,28
75686,5291,313,65
75691,1847,179,0
75692,2310,198,26
75693,2934,344,50
75701,14258,896,431
75702,10412,125,37
75703,17954,2230,1150
75704,3479,170,31
75705,927,40,0
75706,3492,156,0
75707,6302,771,249
75708,2878,70,0
75709,2407,172,79
75750,1575,169,31
75751,6884,448,125
75752,2628,234,61
75754,2362,160,35
75755,2078,154,0
75756,1572,132,21
75757,4564,665,211
75758,4083,345,46
75760,1025,74,0
75762,5658,798,227
75763,2379,187,47
75765,3040,288,43
75766,10710,526,132
75770,1052,100,0
75771,8297,899,192
75773,4974,322,60
75778,1265,87,0
75783,2950,234,43
75784,309,0,0
75785,3736,208,36
75789,3140,270,67
75790,1926,182,24
75791,5692,716,163
75792,1435,93,0
75801,6783,392,86
75803,5942,382,63
75831,2097,194,23
75833,1415,147,37
75835,4668,232,73
75838,305,35,0
75839,2118,162,0
75840,3149,339,63
75844,2128,150,24
75845,1073,70,0
75846,1067,114,0
75847,604,26,0
75850,220,0,0
75851,976,88,0
75852,704,56,0
75853,408,36,0
75855,995,68,0
75856,109,0,0
75859,795,107,33
75860,2328,222,32
75861,794,50,0
75862,3881,177,37
75901,11782,681,226
75904,13782,910,248
75925,1480,81,0
75926,437,30,0
75928,489,26,0
75929,584,51,0
75930,662,44,0
75931,913,115,0
75932,572,38,0
75933,609,43,0
75935,5734,296,123
75936,358,40,0
75937,488,42,0
75938,999,84,0
75939,1601,86,0
75941,3275,147,29
75943,535,51,0
75944,549,46,0
75946,1387,97,0
75948,2379,224,45
75949,3204,203,25
75951,6519,413,100
75954,1323,131,32
75956,2908,270,0
75959,372,49,0
75960,369,0,0
75961,5597,271,83
75964,7263,304,61
75965,6818,779,213
75966,1727,108,0
75968,723,61,0
75969,1517,84,0
75972,2701,129,42
75973,1040,91,23
75974,1200,107,0
75975,1424,95,0
75977,274,0,0
75979,3229,200,50
75980,985,66,0
76001,13835,2139,350
76002,13738,1554,84
76006,12737,910,396
76008,6307,1592,771
76009,8325,592,76
76010,21542,249,33
76011,10436,343,121
76012,12830,1774,543
76013,14627,1541,368
76014,15247,387,28
76015,8281,582,99
76016,14955,2672,815
76017,21763,2716,563
76018,12601,914,53
76020,11463,1361,262
76021,17842,2746,486
76022,7157,552,75
76023,2543,223,33
76028,27051,4027,682
76031,6685,447,70
76033,11120,1014,229
76034,11343,2820,2820
76035,721,137,56
76036,10323,1204,176
76039,17490,1732,271
76040,13368,1008,90
76041,209,0,0
76043,2938,349,73
76044,1657,197,39
76048,9831,945,294
76049,11860,2056,528
76050,2612,301,60
76051,22737,4476,1358
76052,6982,1637,326
76053,13788,979,95
76054,6148,1370,311
76055,1095,80,0
76058,7335,628,68
76059,1926,132,0
76060,3287,464,128
76061,317,40,0
76063,27871,5229,1334
76064,804,133,0
76065,13597,2462,419
76066,1356,128,29
76067,7892,411,70
76070,214,57,0
76071,1586,185,25
76073,2298,297,37
76077,265,42,0
76078,3627,424,61
76082,7599,779,89
76084,3166,234,0
76085,4328,643,93
76086,9079,681,151
76087,11445,2342,570
76088,4959,665,135
76092,11919,2550,4057
76093,991,84,0
76102,4044,435,352
76103,6726,227,31
76104,6609,103,40
76105,8804,45,0
76106,13384,97,0
76107,13443,1309,1186
76108,17627,1825,395
76109,9483,1474,1410
76110,12775,698,304
76111,9109,208,35
76112,17758,778,170
76114,10752,332,79
76115,8301,81,0
76116,21446,1765,706
76117,13486,398,42
76118,6696,700,58
76119,17277,184,20
76120,7574,406,88
76123,13155,1712,242
76126,10010,1811,530
76127,247,0,0
76131,13039,1536,91
76132,12380,1286,1008
76133,22471,1750,212
76134,10776,488,34
76135,8675,901,148
76137,25587,3151,314
76140,11779,509,81
76148,11232,775,41
76155,2327,122,0
76164,6975,77,21
76177,3427,574,45
76179,22274,3075,578
76180,16237,1540,268
76182,13745,2714,603
76201,8876,315,61
76205,7706,708,219
76207,5346,652,140
76208,9015,1288,251
76209,10972,666,72
76210,17083,3124,559
76225,1379,163,34
76226,8194,2240,1260
76227,10269,1354,222
76228,450,49,0
76230,4209,404,100
76233,1388,150,0
76234,6955,924,277
76238,221,37,0
76239,456,48,25
76240,10735,772,198
76244,26593,5769,680
76245,754,58,0
76247,5769,833,105
76248,16054,4596,1948
76249,3494,459,57
76250,596,125,0
76251,331,40,0
76252,1421,173,77
76255,2236,151,57
76258,2826,335,103
76259,1971,278,63
76261,105,0,0
76262,13848,3028,1388
76264,642,61,0
76265,770,70,0
76266,6213,746,128
76270,815,96,20
76271,659,84,0
76272,1938,229,47
76273,3913,298,55
76301,6884,136,72
76302,5051,327,91
76305,2303,182,26
76306,6440,235,0
76308,9382,948,427
76309,5975,445,164
76310,8169,930,167
76311,1215,38,0
76351,831,66,20
76354,5177,413,50
76357,312,27,0
76360,1358,78,21
76363,119,0,0
76365,2078,191,21
76366,990,119,25
76367,4327,335,47
76371,667,50,0
76372,352,34,0
76374,1708,118,42
76377,338,25,0
76379,210,0,0
76380,1502,83,32
76384,5084,282,89
76389,592,65,0
76401,10175,708,192
76424,3438,220,81
76426,4468,440,100
76427,335,35,0
76430,1148,101,47
76431,1395,142,32
76432,534,33,0
76433,547,98,0
76435,265,0,0
76436,92,0,0
76437,2137,127,22
76442,2921,172,34
76443,735,58,0
76444,1447,97,0
76445,169,0,0
76446,3075,147,21
76448,2352,147,52
76449,953,100,32
76450,5729,512,218
76453,471,56,22
76454,680,27,0
76455,378,0,0
76457,1505,111,28
76458,2187,224,60
76460,163,0,0
76462,1142,129,50
76463,203,0,0
76464,193,0,0
76470,1161,47,0
76471,588,37,0
76472,643,75,0
76474,145,0,0
76475,392,37,0
76476,1051,147,0
76481,102,0,0
76483,473,51,0
76484,391,34,0
76486,509,58,0
76487,978,111,0
76491,180,0,0
76501,7186,354,65
76502,14926,1683,549
76504,10049,321,71
76511,904,44,0
76513,15051,1557,466
76518,495,27,0
76519,260,0,0
76520,3319,180,26
76522,15766,1000,78
76524,1270,123,0
76525,446,24,0
76527,1814,162,24
76528,6734,419,77
76530,1110,91,0
76531,2049,116,39
76534,1049,93,25
76537,2078,136,29
76538,305,32,0
76539,3616,427,41
76541,8101,137,0
76542,17916,1206,99
76543,13186,389,48
76544,10071,92,0
76548,11568,1369,215
76549,18806,776,63
76550,5230,393,100
76554,983,68,0
76556,588,54,0
76557,2064,134,22
76559,2041,176,37
76561,455,32,0
76566,131,0,0
76567,3673,272,49
76569,1131,88,0
76570,1026,70,0
76571,3238,600,202
76574,7671,564,76
76577,1249,119,0
76578,739,69,0
76579,1977,153,25
76621,1035,59,0
76622,445,28,0
76624,1046,78,0
76626,655,59,0
76627,638,47,0
76629,816,73,0
76630,749,86,0
76631,199,24,0
76632,684,0,0
76633,2395,342,81
76634,2900,203,64
76635,522,0,0
76636,621,62,0
76637,233,0,0
76638,1236,228,73
76639,564,28,0
76640,1362,89,0
76641,631,51,0
76642,2572,235,47
76643,6647,763,83
76645,4619,264,66
76648,1023,78,0
76649,294,37,0
76651,1312,88,0
76652,432,40,0
76653,444,31,0
76655,3640,551,96
76656,975,70,0
76657,4140,496,247
76660,186,0,0
76661,2643,89,0
76664,1316,80,0
76665,1032,102,0
76666,125,0,0
76667,4865,214,44
76670,542,34,0
76671,643,47,0
76673,473,26,0
76676,140,0,0
76679,560,39,0
76681,182,0,0
76682,1216,86,0
76687,571,65,0
76689,1632,138,24
76690,482,36,0
76691,3112,264,30
76692,4107,336,58
76693,709,66,0
76701,625,34,0
76704,2900,0,0
76705,11736,384,50
76706,11917,628,86
76707,6434,78,0
76708,10631,631,125
76710,11090,735,341
76711,3855,52,0
76712,10867,1671,496
76798,99,0,0
76801,9665,499,128
76802,2027,123,26
76821,2133,116,21
76823,1191,58,0
76825,3050,164,48
76827,162,0,0
76832,237,0,0
76834,2367,118,34
76837,579,34,0
76844,1418,100,23
76849,1663,90,33
76852,99,0,0
76853,593,46,0
76854,138,0,0
76856,1542,119,38
76857,658,59,0
76858,109,0,0
76859,784,65,0
76861,892,90,0
76864,281,0,0
76866,247,30,0
76870,100,0,0
76871,302,0,0
76872,280,0,0
76875,306,38,0
76877,1696,80,23
76878,682,41,0
76882,123,0,0
76890,370,0,0
76901,12789,814,210
76903,13772,381,76
76904,14781,1770,566
76905,4949,321,44
76932,1498,123,49
76933,551,52,0
76934,446,0,0
76935,682,114,36
76936,1188,119,25
76937,106,0,0
76941,605,74,20
76943,1659,166,38
76945,756,76,0
76950,1776,202,67
76951,511,56,34
76957,166,52,0
77002,4562,565,662
77003,5226,405,90
77004,13758,1249,617
77005,11141,1692,4174
77006,12102,1808,1246
77007,18862,3672,2446
77008,17091,3085,1741
77009,17272,1291,552
77010,544,80,196
77011,7070,66,0
77012,7267,60,0
77013,6403,165,0
77014,12377,630,55
77015,21684,1018,132
77016,12699,174,0
77017,12626,332,37
77018,12656,1869,872
77019,11763,1625,2106
77020,10433,166,31
77021,11926,412,168
77022,11726,146,0
77023,11433,347,69
77024,17648,2432,4969
77025,12355,1841,1568
77026,9773,63,0
77027,9136,1245,1409
77028,7690,107,0
77029,7499,116,0
77030,5375,812,857
77031,6716,380,56
77032,4752,56,29
77033,13212,93,0
77034,13933,442,32
77035,15323,1185,288
77036,25225,653,167
77037,7454,132,0
77038,10366,154,0
77039,10582,144,20
77040,21462,1856,651
77041,16375,1716,1342
77042,20468,1839,1389
77043,11148,1207,376
77044,14021,2081,553
77045,13609,273,0
77046,1015,171,200
77047,11589,491,29
77048,7012,167,0
77049,12384,797,61
77050,1881,50,0
77051,6934,46,0
77053,13229,289,0
77054,10409,567,145
77055,17070,1470,1364
77056,11112,1715,2518
77057,20032,2164,1894
77058,8513,1003,324
77059,7882,2251,1376
77060,15041,135,72
77061,9537,333,53
77062,11974,2613,798
77063,17173,1329,705
77064,21221,2433,528
77065,16906,1821,402
77066,14558,1107,199
77067,12553,276,51
77068,5161,689,330
77069,9043,1305,955
77070,22517,3054,836
77071,12321,829,174
77072,24655,412,65
77073,15320,661,75
77074,14730,475,115
77075,14965,582,34
77076,12351,171,0
77077,27259,3804,2109
77078,6254,85,0
77079,15700,2619,2734
77080,17720,936,227
77081,16971,435,205
77082,25126,1599,774
77083,31679,1649,174
77084,43282,3895,731
77085,7200,191,0
77086,11128,248,25
77087,14765,298,0
77088,22654,729,77
77089,22050,2129,222
77090,15449,646,152
77091,10230,332,48
77092,14621,714,146
77093,17136,147,0
77094,4607,1084,1150
77095,30978,5936,1784
77096,15910,2421,1272
77098,8251,1267,1129
77099,20228,443,75
77301,11113,410,65
77302,7369,886,300
77303,6849,492,53
77304,10576,1458,521
77306,4288,192,22
77316,6968,1280,460
77318,6365,921,260
77320,8863,530,86
77327,6999,480,58
77328,6201,411,56
77331,2662,229,59
77335,846,38,0
77336,5532,910,241
77338,15393,688,79
77339,17784,3038,1055
77340,9608,792,164
77345,12165,3227,2180
77346,24211,5053,1241
77351,10917,751,198
77354,13038,2356,961
77355,10190,1681,684
77356,12209,2340,1185
77357,8450,692,143
77358,2136,166,44
77359,325,27,0
77360,2132,111,25
77362,2117,256,79
77363,1280,126,0
77364,1006,78,0
77365,11808,1310,329
77371,2780,166,0
77372,4589,315,27
77373,25004,2424,335
77375,17682,2228,474
77377,13960,3102,1148
77378,6512,403,82
77379,32644,6938,3356
77380,11800,1483,1115
77381,16139,3574,3078
77382,14333,3626,3406
77384,6386,1397,521
77385,8745,1473,308
77386,18375,3642,1129
77388,19225,3423,846
77389,10727,2308,1309
77396,18153,1627,574
77401,8001,1318,2695
77406,15563,3617,1563
77407,14349,2409,359
77414,8740,977,149
77417,863,50,0
77418,4316,501,196
77420,1020,109,0
77422,5523,724,77
77423,3863,281,66
77426,961,106,57
77429,32330,6708,3084
77430,972,160,28
77433,24724,5038,1762
77434,1968,69,33
77435,2202,288,51
77437,7423,633,157
77441,3210,979,720
77442,456,35,0
77444,403,50,0
77445,5191,338,120
77447,5247,534,182
77449,41634,3050,353
77450,30456,6139,3442
77455,881,98,0
77459,27528,6423,2574
77461,4492,566,72
77465,2816,252,32
77468,105,0,0
77469,16123,1967,531
77471,15249,900,133
77474,5825,611,149
77477,15412,1234,200
77478,12641,2552,1340
77479,32538,8301,5496
77480,3046,501,60
77482,1008,144,0
77484,4865,553,122
77485,1421,160,0
77486,3117,456,66
77488,5911,433,80
77489,17968,1054,84
77493,10802,1565,377
77494,30274,9211,4969
77498,20794,2918,678
77502,14758,524,45
77503,9622,441,24
77504,9461,708,107
77505,10316,1846,369
77506,12665,180,0
77510,6361,1082,113
77511,18961,2134,254
77514,2187,271,30
77515,11302,1433,201
77517,2668,477,64
77518,3934,261,39
77519,480,48,0
77520,15609,950,121
77521,21496,2614,366
77523,7862,2156,341
77530,12535,561,60
77531,6440,569,53
77532,11751,1744,263
77534,1324,230,25
77535,11453,1377,134
77536,14805,2750,361
77538,388,51,0
77539,17148,2139,341
77541,6780,437,39
77545,8981,676,70
77546,21975,4885,2059
77547,3953,98,0
77550,10338,475,168
77551,8422,568,228
77554,3805,597,315
77560,445,58,0
77562,4812,546,69
77563,4105,430,56
77564,679,85,0
77565,3650,568,282
77566,13647,2645,775
77568,6818,505,52
77571,16205,2442,238
77573,32815,7954,2080
77575,5809,591,104
77577,550,70,0
77578,6612,1306,408
77581,19169,3942,862
77583,8384,1011,156
77584,31357,7330,2062
77585,367,31,0
77586,10526,2245,837
77587,6408,155,0
77590,13680,1042,105
77591,7054,325,26
77597,319,65,0
77598,10669,696,81
77611,4178,591,62
77612,3484,402,37
77616,470,51,0
77619,7485,803,67
77622,731,117,0
77624,424,30,0
77625,3635,336,52
77627,10529,1443,226
77630,11222,1206,148
77632,9043,1417,170
77640,7202,328,31
77642,15363,780,94
77651,6073,996,169
77655,167,0,0
77656,7169,628,76
77657,8756,1364,227
77659,2163,357,80
77660,643,57,0
77662,10384,912,86
77664,1112,103,0
77665,2754,305,41
77701,5806,89,38
77702,1404,89,39
77703,5825,76,0
77705,11617,851,111
77706,13375,1948,985
77707,7633,714,203
77708,5368,374,38
77713,5730,810,166
77801,5131,110,21
77802,10381,1096,285
77803,11563,159,21
77807,3784,271,79
77808,5075,675,144
77830,1141,115,30
77831,1181,81,21
77833,11332,982,296
77835,1113,122,33
77836,4812,411,62
77837,633,41,0
77840,12546,481,186
77845,20635,3820,1393
77853,470,36,0
77856,2003,232,65
77857,384,53,0
77859,3035,163,33
77861,1023,112,32
77864,3307,173,65
77865,711,81,0
77868,5635,302,86
77871,1472,173,35
77872,754,65,0
77873,523,47,0
77879,1933,110,22
77880,867,55,35
77901,18138,842,160
77904,11504,1903,541
77905,6500,863,133
77954,4433,378,183
77957,3593,325,56
77962,1492,147,23
77963,2292,226,53
77964,3558,390,100
77968,1198,243,53
77971,393,49,0
77974,225,40,0
77975,842,82,23
77979,7508,701,97
77983,841,75,0
77984,1930,201,52
77990,298,0,0
77994,190,23,20
77995,4125,350,148
78002,2929,121,0
78003,4071,333,92
78004,291,87,0
78005,315,33,0
78006,14538,2561,1327
78008,119,0,0
78009,3503,402,79
78010,1404,89,31
78011,810,73,0
78012,204,0,0
78013,2470,229,78
78014,1889,99,49
78015,5200,1433,918
78016,3967,280,55
78017,1495,57,34
78022,2109,202,80
78023,11625,3083,878
78024,713,98,52
78025,2223,123,44
78026,2493,200,62
78027,221,38,0
78028,16741,1447,526
78039,817,71,0
78040,15771,205,71
78041,19628,1194,419
78043,16635,476,120
78045,23940,2361,543
78046,23078,370,0
78052,3016,250,0
78055,673,34,31
78056,821,219,54
78057,420,42,0
78058,505,48,0
78059,2130,149,0
78061,3843,143,64
78063,3817,461,81
78064,6019,629,146
78065,4289,164,0
78066,295,62,0
78067,323,0,0
78069,2065,90,0
78070,6895,1275,487
78071,1582,184,60
78072,324,31,37
78073,3231,119,0
78076,4524,213,53
78101,3758,477,66
78102,7763,411,93
78108,13799,2363,160
78109,17772,1099,55
78112,3366,101,0
78113,1037,160,55
78114,8368,940,114
78116,168,41,0
78117,306,58,0
78118,1887,155,78
78119,2137,153,68
78121,5378,1017,144
78122,162,0,0
78123,1176,92,44
78124,2630,242,29
78130,28541,2408,499
78132,9734,2088,770
78133,7920,905,240
78140,1388,83,22
78141,282,45,0
78148,9846,1039,118
78151,608,39,25
78152,1153,187,0
78154,15482,2458,268
78155,19262,1405,305
78159,401,36,0
78160,1700,161,31
78161,367,27,0
78163,4741,1062,305
78164,1745,195,111
78201,19167,423,85
78202,4830,44,23
78203,2450,24,0
78204,4986,130,78
78205,785,62,94
78207,18710,125,29
78208,1583,0,0
78209,19090,2861,2251
78210,15615,288,59
78211,12950,68,0
78212,12718,723,665
78213,19242,825,280
78214,9624,100,0
78215,830,104,0
78216,19386,1408,563
78217,16320,853,196
78218,14337,476,201
78219,6564,146,0
78220,7361,117,0
78221,15065,252,23
78222,8530,342,22
78223,21369,570,38
78224,7697,154,0
78225,5756,64,0
78226,2620,0,0
78227,19772,301,0
78228,24965,550,54
78229,13474,549,182
78230,20282,2340,1122
78231,4185,807,383
78232,18129,2976,880
78233,21008,1113,68
78234,2072,147,23
78235,263,0,0
78236,1303,58,0
78237,14777,82,0
78238,11272,425,34
78239,13313,1017,112
78240,25144,1805,302
78242,12188,119,0
78244,13211,665,26
78245,27490,1364,70
78247,23719,2818,224
78248,6874,1636,1029
78249,21676,2708,467
78250,25655,2131,129
78251,23589,2126,151
78252,2739,61,0
78253,15904,2766,246
78254,20763,2652,236
78255,5215,1460,553
78256,2993,655,405
78257,2379,388,522
78258,18800,4566,2149
78259,10492,2438,623
78260,11331,3045,1131
78261,7080,1695,579
78263,2059,242,30
78264,4780,131,29
78266,3096,796,378
78330,483,54,0
78332,11260,871,179
78336,4382,305,45
78340,208,25,0
78343,1888,186,0
78344,171,26,0
78349,195,0,0
78353,168,0,0
78355,2927,105,24
78357,1480,122,33
78361,2059,121,0
78362,4349,375,27
78363,11211,813,105
78368,3912,236,40
78369,173,0,0
78370,2129,194,33
78372,2497,240,50
78373,2072,228,101
78374,7959,1142,236
78375,1408,70,21
78376,133,0,0
78377,1714,165,41
78379,781,69,22
78380,9121,596,126
78382,6945,659,191
78383,1516,220,67
78384,2467,139,0
78387,4059,274,52
78389,715,61,0
78390,2539,153,49
78391,150,0,0
78393,1063,109,27
78401,1695,75,90
78402,275,36,0
78404,6916,328,182
78405,5874,45,0
78406,347,0,0
78407,1221,23,0
78408,4665,88,0
78409,1150,66,0
78410,11077,1526,251
78411,12704,812,308
78412,15985,1031,338
78413,16993,2168,518
78414,14254,2465,528
78415,17110,513,49
78416,6734,68,0
78417,1839,35,0
78418,13276,1631,405
78501,22930,1063,343
78503,8330,315,188
78504,19459,2207,747
78516,11661,236,25
78520,23788,859,219
78521,34537,724,188
78526,17741,971,163
78536,118,0,0
78537,13478,229,31
78538,3702,73,0
78539,12549,1210,248
78541,13190,489,72
78542,18756,557,53
78550,20093,1128,290
78552,12273,935,255
78557,6300,104,0
78559,4509,200,22
78560,1961,52,0
78563,285,0,0
78564,110,0,0
78566,5593,296,33
78569,1543,90,0
78570,11054,201,24
78572,25788,1398,418
78573,13489,402,172
78574,16907,609,130
78575,2017,212,113
78576,3453,54,0
78577,25593,592,114
78578,4440,236,77
78580,4442,123,25
78582,12823,380,48
78583,2428,136,0
78584,6996,143,0
78586,18976,523,79
78588,174,0,0
78589,14840,304,26
78591,140,0,0
78593,2124,46,0
78595,2006,0,0
78596,22348,818,199
78597,1317,147,78
78598,152,0,0
78602,10547,1010,218
78605,2008,187,38
78606,2484,242,102
78608,250,21,0
78609,862,75,22
78610,11972,1778,299
78611,5586,460,132
78612,5247,426,60
78613,30429,6504,1453
78614,203,29,0
78615,567,75,0
78616,2741,123,0
78617,7892,171,22
78618,120,0,0
78619,1545,364,199
78620,6906,1418,601
78621,9173,676,98
78623,496,94,0
78624,10387,959,423
78626,10073,963,147
78628,11743,2366,863
78629,5132,325,128
78631,1135,72,25
78632,403,40,0
78633,10537,2400,683
78634,10986,1100,111
78636,1645,150,54
78638,906,74,22
78639,3079,238,75
78640,18744,1467,89
78641,19860,2698,634
78642,4417,755,143
78643,2775,201,63
78644,7179,421,73
78645,5065,828,263
78648,3201,184,55
78650,647,66,0
78652,2249,340,38
78653,7243,492,64
78654,8007,692,237
78655,1167,82,20
78656,993,36,0
78657,2646,393,283
78659,1075,96,0
78660,32164,4367,458
78662,1005,113,0
78663,285,54,0
78664,24493,2337,534
78665,16003,3079,570
78666,23999,1342,283
78669,4099,759,398
78671,364,38,0
78672,386,0,0
78676,6147,940,279
78681,21946,5062,1314
78701,4622,792,699
78702,10641,419,84
78703,11358,1810,2037
78704,23736,2425,1007
78705,5422,286,206
78717,11259,2915,913
78719,768,0,0
78721,5026,61,0
78722,3391,321,70
78723,13681,800,178
78724,8013,138,22
78725,2882,85,0
78726,6314,1083,624
78727,14156,2089,348
78728,10433,877,95
78729,14630,1824,279
78730,3835,739,1015
78731,13493,2588,2160
78732,5852,1856,1405
78733,3895,814,892
78734,9388,1924,1095
78735,7884,1482,1169
78736,3914,639,185
78737,6110,1774,661
78738,6232,1533,1496
78739,7137,2573,1134
78741,19401,283,43
78742,313,0,0
78744,19140,272,30
78745,30057,1720,223
78746,14480,2481,3591
78747,7389,655,142
78748,21914,2507,298
78749,17078,3456,619
78750,13349,2567,1265
78751,7425,615,227
78752,8033,200,34
78753,21854,729,64
78754,7888,610,61
78756,4357,614,300
78757,11382,1573,316
78758,21140,978,139
78759,21491,3668,1602
78801,8101,406,93
78827,510,0,0
78828,135,0,0
78829,514,0,0
78830,245,0,0
78832,1260,120,0
78833,492,39,0
78834,3369,177,59
78838,215,0,0
78839,3281,66,20
78840,18412,1050,140
78843,119,0,0
78850,539,56,0
78852,18190,551,88
78861,5036,375,93
78870,380,39,0
78873,709,66,0
78877,343,0,0
78879,117,0,0
78880,676,46,0
78881,965,68,0
78883,121,0,0
78884,516,57,0
78886,239,0,0
78931,140,0,0
78932,355,57,0
78933,675,88,42
78934,3188,295,67
78935,398,70,0
78938,171,0,0
78940,872,78,27
78941,1264,102,38
78942,3808,324,76
78943,147,0,0
78944,336,47,0
78945,4614,489,146
78946,414,35,0
78947,1846,220,24
78948,387,32,0
78949,209,0,0
78950,892,123,53
78953,477,69,0
78954,512,55,31
78956,2384,245,66
78957,3781,337,63
78959,774,39,0
78962,2037,207,54
78963,323,44,0
79001,128,0,0
79005,676,70,40
79007,5732,648,84
79009,879,0,0
79010,195,0,0
79011,108,0,28
79012,513,137,25
79013,1452,0,0
79014,1747,214,133
79015,7915,1030,256
79018,193,0,0
79019,746,119,0
79022,4095,304,104
79024,175,24,0
79027,1997,80,39
79029,7001,574,95
79031,500,32,0
79034,301,59,0
79035,2240,123,23
79036,2100,313,20
79039,352,57,0
79040,754,82,37
79041,1215,57,0
79042,472,44,0
79043,574,0,0
79044,294,26,0
79045,7935,278,101
79046,244,33,0
79052,548,44,0
79057,480,37,0
79059,359,46,24
79061,163,27,0
79062,100,0,0
79063,316,57,0
79064,994,41,0
79065,8044,677,180
79068,1375,180,22
79070,4278,421,190
79072,10581,498,120
79079,1160,82,29
79080,237,26,0
79081,1564,148,56
79082,135,0,0
79083,984,146,0
79084,935,70,24
79086,881,104,0
79087,293,34,0
79088,2097,96,35
79092,523,49,0
79095,1052,59,29
79096,979,106,71
79097,509,67,0
79098,179,25,0
79101,1285,54,44
79102,4452,184,43
79103,4557,109,0
79104,3039,26,0
79106,12535,765,207
79107,13306,93,0
79108,5301,336,31
79109,20786,2240,502
79110,8484,452,36
79111,584,0,0
79118,8854,918,157
79119,5799,1408,479
79121,3081,600,235
79124,3654,722,343
79201,2506,118,32
79225,451,37,0
79226,1294,65,24
79227,551,39,0
79229,158,0,0
79235,1553,106,27
79237,199,0,0
79241,1020,88,0
79244,300,0,0
79245,964,51,0
79248,592,32,0
79250,612,34,20
79252,1248,81,0
79255,197,0,0
79256,122,0,0
79257,409,34,0
79261,178,0,0
79311,1388,119,31
79312,363,0,0
79313,613,48,0
79316,4175,271,76
79322,766,49,21
79323,2640,341,64
79325,897,60,22
79329,1491,156,51
79331,4634,318,134
79336,6860,670,157
79339,2913,133,29
79342,149,0,0
79343,612,36,0
79345,408,40,0
79346,928,64,0
79347,2911,129,37
79350,337,0,0
79351,514,43,23
79355,799,103,0
79356,1837,119,46
79357,975,32,26
79358,535,70,0
79359,1112,69,20
79360,5215,453,123
79363,2349,264,56
79364,3351,175,45
79366,500,119,61
79367,347,23,0
79370,604,56,0
79371,529,67,0
79372,639,94,0
79373,1308,114,41
79377,128,0,0
79379,247,0,0
79381,425,49,0
79382,3037,337,100
79401,2075,43,22
79403,6518,132,34
79404,4264,67,0
79407,7907,481,285
79410,3401,234,94
79411,3014,54,0
79412,6411,143,0
79413,9602,786,135
79414,7842,226,32
79415,6896,143,34
79416,13635,1061,360
79423,15388,1580,518
79424,19113,3481,1119
79501,1409,91,0
79502,553,37,0
79504,1123,105,0
79505,103,0,0
79506,283,0,0
79508,815,73,0
79510,3356,197,36
79511,612,98,0
79512,2409,198,33
79520,952,82,0
79521,1468,89,22
79525,1248,88,0
79526,408,67,0
79527,197,33,0
79528,282,24,0
79529,556,37,0
79530,249,0,0
79532,381,26,0
79533,204,0,0
79536,2155,173,0
79538,117,0,0
79541,301,46,0
79543,471,56,0
79544,186,0,0
79545,790,67,0
79546,778,86,0
79547,290,24,0
79549,5638,582,139
79553,1384,74,23
79556,5366,343,71
79561,295,25,0
79562,1741,294,59
79563,579,0,0
79565,164,0,0
79566,113,0,0
79567,1376,88,0
79601,7736,428,80
79602,9596,958,309
79603,10333,243,0
79605,13603,705,227
79606,10787,1160,380
79607,1238,0,0
79701,12797,734,380
79703,9760,861,78
79705,15553,2300,1179
79706,8161,978,276
79707,15502,2876,1637
79713,299,35,28
79714,6932,921,247
79718,277,0,0
79720,11413,913,245
79731,1799,223,30
79734,906,111,0
79735,4914,328,71
79738,132,0,0
79739,478,55,48
79741,154,0,0
79745,2521,252,47
79749,129,32,0
79752,916,97,0
79756,4018,407,97
79758,1078,168,48
79761,13529,934,224
79762,17608,1940,523
79763,14370,813,68
79764,8988,622,98
79765,4107,749,353
79766,2307,164,22
79772,4109,229,61
79782,1869,207,85
79821,1947,58,0
79830,2482,204,34
79835,5081,146,0
79836,2559,83,20
79839,634,0,0
79843,1175,84,0
79849,4949,30,0
79852,377,0,0
79901,7114,43,33
79902,9972,619,300
79903,7976,159,28
79904,13501,466,69
79905,10002,82,0
79906,1857,82,0
79907,23501,308,21
79908,563,0,0
79911,1174,277,37
79912,33888,4086,1550
79915,16314,188,28
79922,3777,523,426
79924,25506,818,49
79925,18699,1033,151
79927,15746,182,32
79928,19610,904,81
79930,11540,265,45
79932,10765,1097,390
79934,9066,786,54
79935,7879,494,72
79936,48808,2978,413
79938,22895,1375,83
