75001, 61.64 %
75002, 82.10 %
75006, 58.60 %
75007, 36.71 %
75009, 336.02 %
75010, 125.87 %
75013, 81.90 %
75019, 42.37 %
75020, 83.21 %
75021, 100.00 %
75022, 71.12 %
75023, 42.19 %
75024, 51.76 %
75025, 45.34 %
75028, 73.91 %
75032, 63.96 %
75034, 84.03 %
75035, 262.12 %
75038, 53.17 %
75039, 97.26 %
75040, 120.34 %
75041, 92.31 %
75042, 22.45 %
75043, 37.07 %
75044, 44.40 %
75048, 174.65 %
75050, 44.65 %
75051, 122.22 %
75052, 73.91 %
75054, 165.40 %
75056, 114.99 %
75057, 110.53 %
75058, 155.32 %
75060, 108.96 %
75061, 86.92 %
75062, 60.24 %
75063, 85.12 %
75065, 94.03 %
75067, 96.55 %
75068, 251.97 %
75069, 67.94 %
75070, 59.29 %
75071, 172.29 %
75074, 122.50 %
75075, 86.32 %
75076, 84.78 %
75077, 47.21 %
75078, 232.95 %
75080, 79.34 %
75081, 62.46 %
75082, 40.77 %
75087, 124.58 %
75088, 55.67 %
75089, 129.17 %
75090, 66.67 %
75092, 51.75 %
75093, 23.78 %
75094, 73.26 %
75098, 166.34 %
75102, NaN
75103, 110.53 %
75104, 57.52 %
75105, NaN
75109, 42.86 %
75110, 25.93 %
75114, 72.41 %
75115, 57.19 %
75116, -4.76 %
75117, Infinity
75119, 61.76 %
75124, Infinity
75125, Infinity
75126, 180.00 %
75127, NaN
75134, NaN
75135, 175.86 %
75137, 26.67 %
75140, 30.43 %
75141, NaN
75142, 100.00 %
75143, 90.48 %
75144, Infinity
75146, 70.73 %
75147, 93.55 %
75148, 133.33 %
75149, 56.86 %
75150, 37.25 %
75152, 140.00 %
75153, NaN
75154, 100.84 %
75155, NaN
75156, 70.45 %
75158, 108.33 %
75159, 95.12 %
75160, 76.83 %
75161, 100.00 %
75163, 90.48 %
75165, 105.78 %
75166, 163.16 %
75167, 132.32 %
75169, 150.00 %
75172, NaN
75173, 280.95 %
75180, Infinity
75181, 48.51 %
75182, 77.47 %
75189, 182.76 %
75201, 67.26 %
75202, 64.95 %
75203, 30.43 %
75204, 83.41 %
75205, 33.40 %
75206, 115.51 %
75207, 150.00 %
75208, 123.59 %
75209, 50.20 %
75210, NaN
75211, 172.73 %
75212, Infinity
75214, 66.89 %
75215, 106.90 %
75216, NaN
75217, Infinity
75218, 85.55 %
75219, 63.58 %
75220, 63.39 %
75223, 100.00 %
75224, 254.84 %
75225, 24.47 %
75226, 61.29 %
75227, 108.33 %
75228, 112.50 %
75229, 54.42 %
75230, 32.04 %
75231, 54.46 %
75232, 28.21 %
75233, Infinity
75234, 70.21 %
75235, 91.18 %
75236, 200.00 %
75237, NaN
75238, 99.74 %
75240, 37.70 %
75241, NaN
75243, 55.59 %
75244, 68.97 %
75246, Infinity
75247, Infinity
75248, 56.91 %
75249, 100.00 %
75251, 37.93 %
75252, 52.74 %
75253, NaN
75254, 37.16 %
75287, 32.76 %
75401, 51.52 %
75402, 76.10 %
75407, 133.33 %
75409, 162.30 %
75410, 36.36 %
75411, NaN
75412, NaN
75414, Infinity
75416, NaN
75417, NaN
75418, 144.44 %
75420, NaN
75421, NaN
75422, Infinity
75423, Infinity
75424, 250.00 %
75426, NaN
75428, -3.23 %
75431, NaN
75432, NaN
75433, NaN
75435, NaN
75436, NaN
75437, NaN
75438, NaN
75439, NaN
75440, 104.55 %
75442, 120.34 %
75446, Infinity
75447, NaN
75448, NaN
75449, NaN
75450, NaN
75451, NaN
75452, 160.87 %
75453, Infinity
75454, 150.00 %
75455, 37.40 %
75457, 55.56 %
75459, 127.27 %
75460, 18.42 %
75462, 38.36 %
75468, NaN
75469, NaN
75471, NaN
75472, NaN
75473, 47.06 %
75474, 156.41 %
75476, NaN
75477, NaN
75478, NaN
75479, NaN
75480, 36.36 %
75481, NaN
75482, 117.39 %
75486, NaN
75487, NaN
75488, NaN
75490, Infinity
75491, 133.33 %
75492, NaN
75494, 70.21 %
75495, 121.15 %
75496, NaN
75497, 60.00 %
75501, 62.16 %
75503, 26.37 %
75550, NaN
75551, 37.25 %
75554, NaN
75555, NaN
75556, NaN
75558, NaN
75559, 25.00 %
75560, NaN
75561, NaN
75563, Infinity
75566, NaN
75567, Infinity
75568, NaN
75569, Infinity
75570, 61.29 %
75571, NaN
75572, NaN
75574, NaN
75601, 9.09 %
75602, 31.58 %
75603, 46.34 %
75604, 5.44 %
75605, 32.74 %
75630, NaN
75631, Infinity
75633, 7.38 %
75638, Infinity
75639, NaN
75640, 15.38 %
75643, Infinity
75644, 34.62 %
75645, 50.94 %
75647, 11.11 %
75650, 42.86 %
75651, NaN
75652, 53.85 %
75654, 2.56 %
75656, Infinity
75657, 11.11 %
75661, NaN
75662, 3.90 %
75667, NaN
75668, NaN
75669, NaN
75670, 0.00 %
75672, 14.65 %
75681, NaN
75683, NaN
75684, 7.14 %
75686, 84.62 %
75691, Infinity
75692, 15.38 %
75693, 60.00 %
75701, 2.09 %
75702, 8.11 %
75703, 35.65 %
75704, 61.29 %
75705, NaN
75706, Infinity
75707, 28.51 %
75708, NaN
75709, 39.24 %
75750, 29.03 %
75751, 52.00 %
75752, 47.54 %
75754, 71.43 %
75755, Infinity
75756, 42.86 %
75757, 65.88 %
75758, 73.91 %
75760, NaN
75762, 36.56 %
75763, 27.66 %
75765, 62.79 %
75766, 36.36 %
75770, Infinity
75771, 87.50 %
75773, 100.00 %
75778, Infinity
75783, 39.53 %
75784, NaN
75785, 11.11 %
75789, 34.33 %
75790, 66.67 %
75791, 28.83 %
75792, NaN
75801, 16.28 %
75803, 58.73 %
75831, 73.91 %
75833, 8.11 %
75835, -4.11 %
75838, NaN
75839, Infinity
75840, 26.98 %
75844, 108.33 %
75845, NaN
75846, Infinity
75847, NaN
75850, NaN
75851, Infinity
75852, NaN
75853, NaN
75855, NaN
75856, NaN
75859, 51.52 %
75860, 25.00 %
75861, NaN
75862, 35.14 %
75901, 28.32 %
75904, 29.03 %
75925, Infinity
75926, NaN
75928, NaN
75929, NaN
75930, NaN
75931, Infinity
75932, NaN
75933, NaN
75935, -18.70 %
75936, NaN
75937, NaN
75938, NaN
75939, NaN
75941, 3.45 %
75943, NaN
75944, NaN
75946, Infinity
75948, 55.56 %
75949, 100.00 %
75951, 30.00 %
75954, -100.00 %
75956, Infinity
75959, NaN
75960, NaN
75961, 20.48 %
75964, 47.54 %
75965, 40.85 %
75966, NaN
75968, NaN
75969, Infinity
75972, -28.57 %
75973, -100.00 %
75974, NaN
75975, Infinity
75977, NaN
75979, -20.00 %
75980, NaN
76001, 65.71 %
76002, 90.48 %
76006, 21.21 %
76008, 90.66 %
76009, 44.74 %
76010, 21.21 %
76011, 40.50 %
76012, 28.91 %
76013, 49.46 %
76014, 78.57 %
76015, 31.31 %
76016, 34.97 %
76017, 40.32 %
76018, 69.81 %
76020, 98.47 %
76021, 50.21 %
76022, 33.33 %
76023, 112.12 %
76028, 87.68 %
76031, 57.14 %
76033, 44.10 %
76034, 48.58 %
76035, 78.57 %
76036, 70.45 %
76039, 125.09 %
76040, 111.11 %
76041, NaN
76043, 91.78 %
76044, 156.41 %
76048, 56.46 %
76049, 64.77 %
76050, 100.00 %
76051, 80.41 %
76052, 120.86 %
76053, 57.89 %
76054, 41.48 %
76055, NaN
76058, 105.88 %
76059, Infinity
76060, 95.31 %
76061, NaN
76063, 67.92 %
76064, Infinity
76065, 150.60 %
76066, 141.38 %
76067, 42.86 %
76070, Infinity
76071, 100.00 %
76073, 143.24 %
76077, NaN
76078, 129.51 %
76082, 102.25 %
76084, Infinity
76085, 104.30 %
76086, 39.07 %
76087, 78.95 %
76088, 107.41 %
76092, 40.74 %
76093, Infinity
76102, 36.36 %
76103, 61.29 %
76104, 100.00 %
76105, NaN
76106, Infinity
76107, 55.14 %
76108, 69.62 %
76109, 46.81 %
76110, 74.34 %
76111, 100.00 %
76112, 35.29 %
76114, 115.19 %
76115, NaN
76116, 52.97 %
76117, 90.48 %
76118, 175.86 %
76119, 50.00 %
76120, 47.73 %
76123, 40.50 %
76126, 103.77 %
76127, NaN
76131, 295.60 %
76132, 19.05 %
76133, 41.51 %
76134, 76.47 %
76135, 89.19 %
76137, 59.24 %
76140, 72.84 %
76148, 95.12 %
76155, Infinity
76164, 42.86 %
76177, 388.89 %
76179, 92.04 %
76180, 60.45 %
76182, 94.03 %
76201, 63.93 %
76205, 36.99 %
76207, 157.14 %
76208, 115.14 %
76209, 66.67 %
76210, 68.16 %
76225, 17.65 %
76226, 119.84 %
76227, 179.28 %
76228, NaN
76230, -10.00 %
76233, Infinity
76234, 48.01 %
76238, NaN
76239, -100.00 %
76240, 76.77 %
76244, 136.76 %
76245, Infinity
76247, 147.62 %
76248, 71.97 %
76249, 92.98 %
76250, Infinity
76251, NaN
76252, 3.90 %
76255, 5.26 %
76258, 103.88 %
76259, 90.48 %
76262, 116.86 %
76264, NaN
76265, Infinity
76266, 71.88 %
76270, 100.00 %
76271, Infinity
76272, 112.77 %
76273, 100.00 %
76301, -2.78 %
76302, 42.86 %
76305, 53.85 %
76306, NaN
76308, 12.41 %
76309, 15.85 %
76310, 67.66 %
76311, NaN
76351, 0.00 %
76354, 40.00 %
76357, NaN
76360, -4.76 %
76363, NaN
76365, 90.48 %
76366, 60.00 %
76367, 6.38 %
76371, NaN
76372, NaN
76374, -28.57 %
76377, NaN
76379, NaN
76380, 25.00 %
76384, -21.35 %
76389, NaN
76401, 66.67 %
76424, -13.58 %
76426, 10.00 %
76427, NaN
76430, 27.66 %
76431, 25.00 %
76432, NaN
76433, Infinity
76435, NaN
76436, NaN
76437, 127.27 %
76442, 76.47 %
76443, NaN
76444, Infinity
76445, NaN
76446, 138.10 %
76448, 15.38 %
76449, 87.50 %
76450, 10.09 %
76453, 36.36 %
76454, NaN
76455, NaN
76457, 42.86 %
76458, 16.67 %
76460, NaN
76462, 80.00 %
76463, NaN
76464, NaN
76470, NaN
76471, NaN
76472, Infinity
76474, NaN
76475, Infinity
76476, Infinity
76483, NaN
76484, NaN
76486, NaN
76487, Infinity
76491, NaN
76501, 53.85 %
76502, 43.90 %
76504, 12.68 %
76511, NaN
76513, 80.26 %
76518, NaN
76519, NaN
76520, 130.77 %
76522, 28.21 %
76524, Infinity
76525, NaN
76527, 150.00 %
76528, 55.84 %
76530, Infinity
76531, 79.49 %
76534, 60.00 %
76537, 141.38 %
76538, NaN
76539, 21.95 %
76541, Infinity
76542, 31.31 %
76543, 25.00 %
76544, NaN
76548, 20.93 %
76549, 58.73 %
76550, 50.00 %
76554, NaN
76556, NaN
76557, 36.36 %
76559, 62.16 %
76561, NaN
76566, NaN
76567, 83.67 %
76569, Infinity
76570, NaN
76571, 68.32 %
76574, 97.37 %
76577, Infinity
76578, Infinity
76579, 60.00 %
76621, Infinity
76622, NaN
76624, NaN
76626, NaN
76627, NaN
76629, NaN
76630, NaN
76631, NaN
76632, NaN
76633, 109.88 %
76634, 40.63 %
76635, NaN
76636, Infinity
76637, NaN
76638, 78.08 %
76639, NaN
76640, NaN
76641, NaN
76642, 48.94 %
76643, 80.72 %
76645, 51.52 %
76648, NaN
76649, NaN
76651, NaN
76652, NaN
76653, NaN
76655, 97.92 %
76656, NaN
76657, 65.99 %
76660, NaN
76661, NaN
76664, NaN
76665, Infinity
76666, NaN
76667, 13.64 %
76670, NaN
76671, NaN
76673, NaN
76676, NaN
76679, NaN
76681, NaN
76682, NaN
76687, NaN
76689, 108.33 %
76690, NaN
76691, 133.33 %
76692, 89.66 %
76693, NaN
76701, Infinity
76704, NaN
76705, 60.00 %
76706, 97.67 %
76707, Infinity
76708, 100.00 %
76710, 49.56 %
76711, NaN
76712, 73.39 %
76801, 48.44 %
76802, 53.85 %
76821, 90.48 %
76823, NaN
76825, 4.17 %
76827, NaN
76832, NaN
76834, 17.65 %
76837, NaN
76844, 73.91 %
76849, 21.21 %
76852, NaN
76853, Infinity
76854, NaN
76856, 84.21 %
76857, NaN
76858, NaN
76859, NaN
76861, Infinity
76864, NaN
76866, NaN
76871, NaN
76872, NaN
76875, NaN
76877, 73.91 %
76878, NaN
76882, NaN
76890, NaN
76901, 47.62 %
76903, 18.42 %
76904, 39.58 %
76905, 59.09 %
76932, 2.04 %
76933, NaN
76934, NaN
76935, 38.89 %
76936, -20.00 %
76937, NaN
76941, 100.00 %
76943, -21.05 %
76945, NaN
76950, -25.37 %
76951, 17.65 %
76957, Infinity
77002, 51.06 %
77003, 233.33 %
77004, 79.90 %
77005, 33.21 %
77006, 86.20 %
77007, 88.47 %
77008, 121.71 %
77009, 164.49 %
77010, 12.24 %
77011, NaN
77012, NaN
77013, Infinity
77014, 45.45 %
77015, 28.79 %
77016, NaN
77017, 62.16 %
77018, 163.76 %
77019, 58.59 %
77020, 125.81 %
77021, 90.48 %
77022, Infinity
77023, 117.39 %
77024, 37.85 %
77025, 46.05 %
77026, Infinity
77027, 67.49 %
77028, NaN
77029, Infinity
77030, 41.19 %
77031, 42.86 %
77032, 555.17 %
77033, NaN
77034, 56.25 %
77035, 94.44 %
77036, 37.72 %
77037, Infinity
77038, Infinity
77039, 50.00 %
77040, 24.42 %
77041, 10.28 %
77042, 14.47 %
77043, 200.53 %
77044, 113.38 %
77045, Infinity
77046, 60.00 %
77047, 175.86 %
77048, Infinity
77049, 80.33 %
77050, NaN
77051, NaN
77053, NaN
77054, 17.24 %
77055, 103.81 %
77056, 41.38 %
77057, 34.11 %
77058, 32.72 %
77059, 34.45 %
77060, -44.44 %
77061, 88.68 %
77062, 25.31 %
77063, 44.68 %
77064, 25.00 %
77065, 24.38 %
77066, 0.50 %
77067, -21.57 %
77068, 6.06 %
77069, 3.66 %
77070, 26.79 %
77071, 60.92 %
77072, 38.46 %
77073, 20.00 %
77074, 39.13 %
77075, 135.29 %
77076, Infinity
77077, 38.93 %
77078, NaN
77079, 34.97 %
77080, 124.67 %
77081, 41.46 %
77082, 30.49 %
77083, 43.68 %
77084, 27.22 %
77085, NaN
77086, -20.00 %
77087, Infinity
77088, 42.86 %
77089, 98.20 %
77090, -14.47 %
77091, 87.50 %
77092, 98.63 %
77093, Infinity
77094, 10.43 %
77095, 7.62 %
77096, 45.44 %
77098, 49.69 %
77099, 6.67 %
77301, 115.38 %
77302, 26.67 %
77303, 145.28 %
77304, 88.10 %
77306, 127.27 %
77316, 265.22 %
77318, 80.77 %
77320, 86.05 %
77327, 124.14 %
77328, 167.86 %
77331, 86.44 %
77335, NaN
77336, 119.92 %
77338, 77.22 %
77339, 41.23 %
77340, 46.34 %
77345, 19.27 %
77346, 57.13 %
77351, 51.52 %
77354, 82.10 %
77355, 62.28 %
77356, 52.74 %
77357, 88.81 %
77358, 150.00 %
77359, NaN
77360, 100.00 %
77362, 178.48 %
77363, Infinity
77364, Infinity
77365, 149.24 %
77371, Infinity
77372, 233.33 %
77373, 19.40 %
77375, 250.21 %
77377, 65.51 %
77378, 95.12 %
77379, 25.45 %
77380, 43.50 %
77381, 18.26 %
77382, 25.95 %
77384, 132.25 %
77385, 107.79 %
77386, 143.58 %
77388, 39.48 %
77389, 123.07 %
77396, 72.47 %
77401, 33.21 %
77406, 74.02 %
77407, 289.97 %
77414, 74.50 %
77417, NaN
77418, 37.76 %
77420, Infinity
77422, 146.75 %
77423, 218.18 %
77426, 75.44 %
77429, 34.24 %
77430, 114.29 %
77433, 144.04 %
77434, -100.00 %
77435, 96.08 %
77437, 46.50 %
77441, 205.56 %
77442, NaN
77444, NaN
77445, 66.67 %
77447, 103.30 %
77449, 24.65 %
77450, 12.73 %
77455, Infinity
77459, 66.28 %
77461, 150.00 %
77465, 118.75 %
77468, NaN
77469, 103.39 %
77471, 72.93 %
77474, 74.50 %
77477, 30.00 %
77478, 34.33 %
77479, 60.66 %
77480, 83.33 %
77482, Infinity
77484, 96.72 %
77485, Infinity
77486, 66.67 %
77488, 62.50 %
77489, 42.86 %
77493, 159.95 %
77494, 78.31 %
77498, 56.34 %
77502, 33.33 %
77503, 108.33 %
77504, 58.88 %
77505, 32.79 %
77506, NaN
77510, 121.24 %
77511, 88.98 %
77514, 133.33 %
77515, 123.88 %
77517, 134.38 %
77518, 79.49 %
77519, NaN
77520, 40.50 %
77521, 66.67 %
77523, 149.27 %
77530, 50.00 %
77531, 183.02 %
77532, 78.71 %
77534, 220.00 %
77535, 138.81 %
77536, 55.12 %
77538, NaN
77539, 73.02 %
77541, 207.69 %
77545, 71.43 %
77546, 60.27 %
77547, NaN
77550, 102.38 %
77551, 53.51 %
77554, 71.43 %
77560, NaN
77562, 44.93 %
77563, 185.71 %
77564, NaN
77565, 48.94 %
77566, 45.81 %
77568, 73.08 %
77571, 89.08 %
77573, 79.81 %
77575, 73.08 %
77577, NaN
77578, 103.43 %
77581, 78.65 %
77583, 207.69 %
77584, 69.25 %
77585, NaN
77586, 49.34 %
77587, NaN
77590, 109.52 %
77591, 53.85 %
77597, NaN
77598, 109.88 %
77611, 93.55 %
77612, 89.19 %
77616, NaN
77619, 49.25 %
77622, Infinity
77624, NaN
77625, 92.31 %
77627, 94.69 %
77630, 109.46 %
77632, 94.12 %
77640, 93.55 %
77642, 80.85 %
77651, 95.27 %
77655, NaN
77656, 57.89 %
77657, 111.45 %
77659, 37.50 %
77660, NaN
77662, 74.42 %
77664, NaN
77665, 143.90 %
77701, 5.26 %
77702, 53.85 %
77703, NaN
77705, 134.23 %
77706, 28.93 %
77707, 33.00 %
77708, 57.89 %
77713, 98.80 %
77801, 42.86 %
77802, 47.37 %
77803, 90.48 %
77807, 102.53 %
77808, 115.28 %
77830, 100.00 %
77831, 42.86 %
77833, 65.54 %
77835, 112.12 %
77836, 109.68 %
77837, NaN
77840, 34.41 %
77845, 88.80 %
77853, NaN
77856, -23.08 %
77857, NaN
77859, -9.09 %
77861, 118.75 %
77864, 7.69 %
77865, Infinity
77868, 62.79 %
77871, 42.86 %
77872, NaN
77873, Infinity
77879, 127.27 %
77880, 42.86 %
77901, 31.25 %
77904, 44.18 %
77905, 72.93 %
77954, 3.83 %
77957, 42.86 %
77962, 73.91 %
77963, 32.08 %
77964, 30.00 %
77968, 50.94 %
77971, NaN
77974, NaN
77975, 30.43 %
77979, 106.19 %
77983, NaN
77984, 130.77 %
77990, NaN
77994, 50.00 %
77995, 8.11 %
78002, Infinity
78003, 52.17 %
78004, Infinity
78005, NaN
78006, 81.61 %
78008, NaN
78009, 115.19 %
78010, 61.29 %
78011, Infinity
78012, NaN
78013, 92.31 %
78014, 22.45 %
78015, 78.65 %
78016, 45.45 %
78017, -11.76 %
78022, -12.50 %
78023, 69.70 %
78024, 34.62 %
78025, 36.36 %
78026, 45.16 %
78027, Infinity
78028, 48.29 %
78039, NaN
78040, -15.49 %
78041, 36.04 %
78043, 16.67 %
78045, 36.28 %
78046, Infinity
78052, Infinity
78055, -3.23 %
78056, 85.19 %
78057, NaN
78058, Infinity
78059, Infinity
78061, 9.38 %
78063, 85.19 %
78064, 30.14 %
78065, Infinity
78066, NaN
78067, NaN
78069, Infinity
78070, 76.59 %
78071, -33.33 %
78072, 8.11 %
78073, Infinity
78076, -43.40 %
78101, 142.42 %
78102, 18.28 %
78108, 150.00 %
78109, 100.00 %
78112, Infinity
78113, 81.82 %
78114, 128.07 %
78116, Infinity
78117, Infinity
78118, 117.95 %
78119, 2.94 %
78121, 163.89 %
78122, NaN
78123, 36.36 %
78124, 175.86 %
78130, 106.41 %
78132, 148.05 %
78133, 108.33 %
78140, -100.00 %
78141, NaN
78148, 61.02 %
78151, 60.00 %
78152, Infinity
78154, 101.49 %
78155, 67.21 %
78159, NaN
78160, -3.23 %
78161, NaN
78163, 96.72 %
78164, 26.13 %
78201, 41.18 %
78202, 73.91 %
78203, NaN
78204, 66.67 %
78205, 38.30 %
78207, 37.93 %
78208, NaN
78209, 49.27 %
78210, 154.24 %
78211, NaN
78212, 44.36 %
78213, 42.86 %
78214, NaN
78215, Infinity
78216, 43.87 %
78217, 22.45 %
78218, 14.43 %
78219, Infinity
78220, NaN
78221, 73.91 %
78222, 127.27 %
78223, 163.16 %
78224, Infinity
78225, NaN
78226, NaN
78227, Infinity
78228, 66.67 %
78229, 53.85 %
78230, 38.15 %
78231, 59.27 %
78232, 44.32 %
78233, 91.18 %
78234, 30.43 %
78235, NaN
78236, NaN
78237, NaN
78238, 47.06 %
78239, 42.86 %
78240, 22.52 %
78242, NaN
78244, 92.31 %
78245, 171.43 %
78247, 65.18 %
78248, 20.51 %
78249, 52.03 %
78250, 47.29 %
78251, 78.81 %
78252, Infinity
78253, 204.88 %
78254, 94.92 %
78255, 118.81 %
78256, 75.31 %
78257, 68.58 %
78258, 42.39 %
78259, 50.88 %
78260, 81.26 %
78261, 98.62 %
78263, 133.33 %
78264, 3.45 %
78266, 50.79 %
78330, NaN
78332, -27.37 %
78336, 100.00 %
78340, NaN
78343, Infinity
78344, NaN
78349, NaN
78353, NaN
78355, -100.00 %
78357, -39.39 %
78361, NaN
78362, 196.30 %
78363, 33.33 %
78368, 0.00 %
78369, NaN
78370, 21.21 %
78372, 20.00 %
78373, 78.22 %
78374, 48.31 %
78375, -4.76 %
78376, NaN
78377, -2.44 %
78379, 81.82 %
78380, 82.54 %
78382, 83.25 %
78383, 19.40 %
78384, NaN
78387, 15.38 %
78389, NaN
78390, 2.04 %
78391, NaN
78393, -100.00 %
78401, 44.44 %
78402, NaN
78404, 31.87 %
78405, NaN
78406, NaN
78407, NaN
78408, NaN
78409, NaN
78410, 35.46 %
78411, 33.12 %
78412, 33.14 %
78413, 35.14 %
78414, 83.71 %
78415, 124.49 %
78416, NaN
78417, NaN
78418, 85.19 %
78501, 10.79 %
78503, 32.98 %
78504, 28.51 %
78516, 60.00 %
78520, 9.59 %
78521, 22.34 %
78526, 65.64 %
78536, NaN
78537, 29.03 %
78538, NaN
78539, 57.26 %
78541, 80.56 %
78542, 126.42 %
78550, 10.34 %
78552, 45.10 %
78557, Infinity
78559, 36.36 %
78560, NaN
78563, NaN
78566, 81.82 %
78569, Infinity
78570, 25.00 %
78572, 31.58 %
78573, 33.72 %
78574, 38.46 %
78575, 32.74 %
78576, NaN
78577, 14.04 %
78578, 42.86 %
78580, 60.00 %
78582, 25.00 %
78583, Infinity
78584, NaN
78586, 13.92 %
78588, NaN
78589, 130.77 %
78591, NaN
78593, NaN
78595, NaN
78596, -14.57 %
78597, 66.67 %
78598, NaN
78602, 88.07 %
78605, 136.84 %
78606, 76.47 %
78608, NaN
78609, 127.27 %
78610, 144.15 %
78611, 81.82 %
78612, 100.00 %
78613, 135.38 %
78614, NaN
78615, Infinity
78616, Infinity
78617, 81.82 %
78618, NaN
78619, 196.48 %
78620, 111.31 %
78621, 114.29 %
78623, Infinity
78624, 89.13 %
78626, 233.33 %
78628, 121.32 %
78629, 40.63 %
78631, 60.00 %
78632, NaN
78633, 126.94 %
78634, 179.28 %
78636, 85.19 %
78638, 81.82 %
78639, 100.00 %
78640, 203.37 %
78641, 276.97 %
78642, 277.62 %
78643, 58.73 %
78644, 78.08 %
78645, 97.72 %
78648, 9.09 %
78650, Infinity
78652, 215.79 %
78653, 118.75 %
78654, 73.00 %
78655, 100.00 %
78656, NaN
78657, 44.88 %
78659, Infinity
78660, 194.76 %
78662, Infinity
78663, Infinity
78664, 64.79 %
78665, 136.84 %
78666, 90.81 %
78669, 113.57 %
78671, Infinity
78672, NaN
78676, 107.89 %
78681, 84.93 %
78701, 87.41 %
78702, 685.71 %
78703, 52.68 %
78704, 179.05 %
78705, 55.34 %
78717, 127.82 %
78719, NaN
78721, Infinity
78722, 185.71 %
78723, 321.35 %
78724, 218.18 %
78725, Infinity
78726, 61.86 %
78727, 121.26 %
78728, 121.05 %
78729, 93.55 %
78730, 40.89 %
78731, 52.78 %
78732, 54.45 %
78733, 43.50 %
78734, 73.52 %
78735, 53.98 %
78736, 127.03 %
78737, 170.80 %
78738, 133.29 %
78739, 106.35 %
78741, 551.16 %
78742, NaN
78744, 300.00 %
78745, 204.93 %
78746, 36.45 %
78747, 83.10 %
78748, 168.46 %
78749, 118.09 %
78750, 55.73 %
78751, 137.89 %
78752, 194.12 %
78753, 181.25 %
78754, 145.90 %
78756, 106.67 %
78757, 257.59 %
78758, 216.55 %
78759, 66.04 %
78801, 39.78 %
78827, NaN
78828, NaN
78829, NaN
78830, NaN
78833, NaN
78834, -32.20 %
78838, Infinity
78839, 0.00 %
78840, 50.00 %
78850, Infinity
78852, 59.09 %
78861, 72.04 %
78870, NaN
78873, Infinity
78877, NaN
78879, NaN
78880, NaN
78881, NaN
78883, NaN
78884, Infinity
78886, NaN
78931, NaN
78932, Infinity
78933, 90.48 %
78934, 138.81 %
78935, Infinity
78938, NaN
78940, 85.19 %
78941, 84.21 %
78942, 44.74 %
78943, NaN
78944, NaN
78945, 50.68 %
78946, NaN
78947, 108.33 %
78948, NaN
78949, NaN
78950, 50.94 %
78953, NaN
78954, 93.55 %
78956, 36.36 %
78957, 106.35 %
78959, NaN
78962, 85.19 %
78963, NaN
79001, NaN
79005, -100.00 %
79007, 66.67 %
79009, NaN
79011, -100.00 %
79012, -20.00 %
79013, NaN
79014, -39.85 %
79015, 52.34 %
79018, NaN
79019, Infinity
79022, 25.00 %
79024, NaN
79027, 2.56 %
79029, 26.32 %
79031, NaN
79034, NaN
79035, 30.43 %
79036, 100.00 %
79039, NaN
79040, -18.92 %
79041, NaN
79042, NaN
79043, NaN
79044, NaN
79045, 8.91 %
79046, NaN
79052, NaN
79057, NaN
79059, -100.00 %
79061, NaN
79062, NaN
79063, NaN
79064, NaN
79065, -11.11 %
79068, 36.36 %
79070, -26.32 %
79072, 16.67 %
79079, -31.03 %
79080, NaN
79081, -10.71 %
79082, NaN
79083, Infinity
79084, 25.00 %
79086, NaN
79087, NaN
79088, -14.29 %
79092, Infinity
79095, -31.03 %
79096, -57.75 %
79097, NaN
79098, NaN
79101, -9.09 %
79102, 16.28 %
79103, NaN
79104, NaN
79106, 1.45 %
79107, NaN
79108, 29.03 %
79109, 19.52 %
79110, 38.89 %
79111, NaN
79118, 71.97 %
79119, 60.75 %
79121, 2.13 %
79124, 51.60 %
79201, 25.00 %
79225, NaN
79226, -100.00 %
79227, NaN
79229, NaN
79235, 48.15 %
79237, NaN
79241, NaN
79244, NaN
79245, NaN
79248, NaN
79250, -100.00 %
79252, NaN
79255, NaN
79256, NaN
79257, NaN
79261, NaN
79311, -3.23 %
79312, NaN
79313, NaN
79316, -7.89 %
79322, -100.00 %
79323, 40.63 %
79325, -9.09 %
79329, 17.65 %
79331, 11.94 %
79336, 21.02 %
79339, 37.93 %
79342, NaN
79343, NaN
79345, NaN
79346, NaN
79347, 8.11 %
79350, NaN
79351, -100.00 %
79355, Infinity
79356, -34.78 %
79357, -100.00 %
79358, Infinity
79359, 50.00 %
79360, 46.34 %
79363, 96.43 %
79364, 33.33 %
79366, 14.75 %
79367, NaN
79370, NaN
79371, NaN
79372, NaN
79373, -2.44 %
79377, NaN
79379, NaN
79381, Infinity
79382, 60.00 %
79401, 36.36 %
79403, 17.65 %
79404, NaN
79407, 33.33 %
79410, 27.66 %
79411, NaN
79412, NaN
79413, 40.74 %
79414, 25.00 %
79415, 47.06 %
79416, 11.11 %
79423, 64.09 %
79424, 67.11 %
79501, NaN
79502, NaN
79504, Infinity
79506, NaN
79508, Infinity
79510, 38.89 %
79511, Infinity
79512, -9.09 %
79520, NaN
79521, -9.09 %
79525, NaN
79526, NaN
79527, NaN
79528, NaN
79529, NaN
79530, NaN
79532, NaN
79533, NaN
79536, Infinity
79538, NaN
79541, Infinity
79543, NaN
79544, NaN
79545, NaN
79546, NaN
79547, NaN
79549, 0.72 %
79553, -13.04 %
79556, 69.01 %
79561, NaN
79562, 171.19 %
79563, NaN
79565, NaN
79566, NaN
79567, NaN
79601, 37.50 %
79602, 48.87 %
79603, Infinity
79605, 23.35 %
79606, 34.21 %
79607, NaN
79701, 34.21 %
79703, 92.31 %
79705, 55.22 %
79706, 121.01 %
79707, 49.66 %
79713, 7.14 %
79714, 21.46 %
79718, NaN
79720, 42.86 %
79731, 0.00 %
79734, Infinity
79735, 54.93 %
79738, NaN
79739, 25.00 %
79741, NaN
79745, 48.94 %
79749, NaN
79752, NaN
79756, 23.71 %
79758, 66.67 %
79761, 16.07 %
79762, 14.72 %
79763, 76.47 %
79764, 32.65 %
79765, 84.14 %
79766, 127.27 %
79772, 80.33 %
79782, 52.94 %
79821, NaN
79830, 105.88 %
79835, Infinity
79836, 50.00 %
79839, NaN
79843, Infinity
79849, NaN
79852, NaN
79901, 21.21 %
79902, 30.00 %
79903, 78.57 %
79904, 59.42 %
79905, Infinity
79906, NaN
79907, 138.10 %
79908, NaN
79911, 251.35 %
79912, 32.90 %
79915, 42.86 %
79922, 31.46 %
79924, 42.86 %
79925, 39.07 %
79927, 25.00 %
79928, 159.26 %
79930, 11.11 %
79932, 41.03 %
79934, 85.19 %
79935, 25.00 %
79936, 33.17 %
79938, 225.30 %
