75001,8800,1060,450
75002,28650,6080,1820
75006,23280,1880,430
75007,25630,3960,970
75009,3830,700,250
75010,11730,1980,620
75013,15030,4440,2560
75019,18860,4480,2850
75020,9350,630,150
75021,3760,250,50
75022,9490,2900,1960
75023,22750,3880,920
75024,18310,4090,2240
75025,23530,6100,2400
75028,19540,5420,1860
75032,12740,2380,1380
75034,22420,5030,3360
75035,23020,6740,1650
75038,14450,1000,510
75039,7890,1430,710
75040,27200,1760,150
75041,12750,480,60
75042,16200,450,60
75043,27130,2110,330
75044,20000,2460,810
75048,9790,2120,360
75050,18200,930,170
75051,15740,310,30
75052,39880,4270,410
75054,4360,1290,250
75056,24920,4040,1530
75057,6180,280,40
75058,1250,220,60
75060,20260,940,100
75061,23130,950,140
75062,21800,1230,380
75063,17710,3440,1350
75065,5080,730,130
75067,30910,2630,320
75068,18150,2920,380
75069,15940,1710,920
75070,36980,9060,2920
75071,17420,3510,950
75074,20780,2220,450
75075,16700,3060,680
75076,3460,410,100
75077,17090,3960,1470
75078,6100,1790,1050
75080,19880,3030,960
75081,17280,2170,400
75082,9800,2530,1170
75087,14170,3360,810
75088,11750,1970,400
75089,13500,2570,330
75090,9250,430,80
75092,10150,940,290
75093,23390,4320,4300
75094,8760,2750,950
75098,22100,3640,470
75102,620,40,0
75103,5420,560,110
75104,21080,2070,440
75105,140,0,0
75109,1680,200,60
75110,11600,610,180
75114,2310,290,40
75115,23550,2150,310
75116,8610,430,70
75117,1630,140,20
75119,10650,800,150
75124,1800,120,20
75125,2840,150,0
75126,16050,2680,350
75127,660,40,0
75134,8620,250,0
75135,2560,300,40
75137,9060,810,150
75140,2690,220,30
75141,1520,40,0
75142,8080,690,130
75143,5550,400,80
75144,1280,110,20
75146,9040,460,40
75147,3010,210,40
75148,2300,170,50
75149,24460,1200,110
75150,27060,1350,110
75152,2060,200,30
75153,280,0,0
75154,16880,1940,290
75155,1030,50,0
75156,5450,360,110
75158,1870,200,30
75159,7000,380,60
75160,10340,790,180
75161,2610,200,30
75163,980,100,30
75165,16890,1660,330
75166,1670,330,40
75167,3510,600,110
75169,5870,410,60
75172,1700,0,0
75173,1880,230,30
75180,9450,190,0
75181,11340,1350,110
75182,2490,680,320
75189,9890,1290,180
75201,7390,1020,1000
75202,1680,230,110
75203,5930,90,30
75204,15960,1990,880
75205,9980,1490,3080
75206,19430,2100,1140
75207,1390,150,60
75208,13490,920,490
75209,7670,940,1340
75210,3090,0,0
75211,28750,370,40
75212,9950,60,0
75214,17190,2840,2540
75215,6540,120,30
75216,20700,120,0
75217,31950,240,0
75218,11930,1790,810
75219,14390,1760,1350
75220,15760,690,720
75223,6030,280,110
75224,13680,270,40
75225,11370,1780,4060
75226,1790,110,30
75227,22950,470,50
75228,28630,1030,180
75229,15500,1980,1910
75230,13840,1730,3090
75231,15750,970,680
75232,13450,380,40
75233,5700,190,20
75234,14570,1010,370
75235,7920,230,70
75236,6800,180,20
75237,7350,90,0
75238,13610,2130,860
75240,11080,620,470
75241,13090,130,0
75243,28020,1760,740
75244,6790,1090,670
75246,1120,50,0
75247,500,40,0
75248,18090,3290,2010
75249,6730,420,20
75251,1580,130,80
75252,12490,1850,1190
75253,6740,90,0
75254,11950,680,680
75287,28750,1950,1150
75401,6980,230,30
75402,7210,960,180
75407,6460,490,70
75409,5450,540,80
75410,1710,130,30
75411,410,40,0
75412,250,0,0
75414,1280,150,20
75416,1210,100,0
75417,950,90,0
75418,4780,300,60
75420,490,40,0
75421,420,30,0
75422,1150,150,0
75423,1100,120,0
75424,1410,160,30
75426,2160,80,20
75428,3250,200,30
75431,810,40,0
75432,1280,100,0
75433,1100,90,0
75435,400,20,0
75436,840,50,0
75437,470,40,0
75438,450,40,0
75439,390,30,0
75440,2630,240,60
75442,3730,400,70
75446,1260,90,0
75447,430,50,0
75448,260,20,0
75449,400,20,0
75450,100,0,0
75451,500,30,0
75452,1810,180,30
75453,1350,120,0
75454,3080,530,130
75455,10540,580,160
75457,2690,230,50
75459,1780,200,30
75460,8920,300,80
75462,4670,530,170
75468,390,40,0
75469,170,0,0
75470,100,0,0
75471,520,20,0
75472,1350,100,0
75473,1570,160,40
75474,5920,400,60
75476,500,50,0
75477,390,20,0
75478,380,20,0
75479,730,50,0
75480,640,70,30
75481,150,0,0
75482,9780,690,160
75486,980,70,0
75487,580,40,0
75488,390,30,0
75490,990,130,0
75491,1980,190,50
75492,230,20,0
75494,4230,310,60
75495,3150,500,120
75496,1260,100,0
75497,1490,170,50
75501,14510,770,80
75503,10990,1420,590
75550,370,0,0
75551,4590,380,60
75554,700,40,0
75555,550,50,0
75556,530,50,0
75558,640,60,0
75559,2480,160,30
75560,440,30,0
75561,2360,150,0
75563,1840,120,0
75566,290,0,0
75567,1510,100,0
75568,1180,70,0
75569,1540,90,0
75570,3930,290,40
75571,1140,80,0
75572,1580,120,0
75574,740,50,0
75601,6410,540,180
75602,9040,400,80
75603,2580,260,40
75604,12790,1040,320
75605,13120,1770,630
75630,1040,90,0
75631,1090,180,0
75633,6240,760,150
75638,2330,120,30
75639,1160,120,0
75640,1970,250,30
75643,790,120,0
75644,4820,400,50
75645,3770,380,50
75647,5460,460,90
75650,3900,530,120
75651,910,100,0
75652,5040,440,100
75654,4730,390,80
75656,1950,140,0
75657,3390,210,40
75661,1040,70,20
75662,10000,900,170
75667,470,40,0
75668,850,60,0
75669,240,30,0
75670,6720,260,50
75672,6830,680,170
75681,1050,90,0
75683,1500,110,0
75684,2360,180,30
75686,5250,320,80
75691,1850,190,30
75692,2220,200,30
75693,2880,380,80
75701,14320,970,460
75702,10400,130,40
75703,17850,2310,1240
75704,3520,160,40
75705,930,50,0
75706,3560,190,0
75707,6370,790,310
75708,2870,80,0
75709,2410,190,80
75750,1580,170,30
75751,6940,470,160
75752,2570,270,60
75754,2330,170,40
75755,2160,160,30
75756,1630,130,30
75757,4600,690,250
75758,4140,370,50
75760,1030,60,0
75762,5720,840,230
75763,2380,220,50
75765,3040,300,50
75766,10610,560,150
75770,1040,100,30
75771,8430,1020,210
75773,4980,370,60
75778,1260,90,0
75783,2990,240,50
75784,290,20,0
75785,3650,250,40
75789,3110,320,50
75790,1960,190,30
75791,5700,730,170
75792,1460,100,0
75801,6810,440,90
75803,5960,430,70
75831,2030,210,30
75833,1400,160,50
75835,4570,250,100
75838,280,40,0
75839,2100,160,30
75840,3300,380,70
75844,2120,150,40
75845,1080,80,0
75846,1050,130,0
75847,580,40,0
75850,230,40,0
75851,970,80,0
75852,690,50,0
75853,420,50,0
75855,980,70,0
75856,120,0,0
75859,820,110,40
75860,2340,240,30
75861,770,50,0
75862,3840,220,40
75901,11620,720,240
75904,13930,1020,280
75925,1450,100,0
75926,440,40,0
75928,480,30,0
75929,570,60,0
75930,630,50,0
75931,930,110,20
75932,550,50,0
75933,590,60,0
75935,5590,310,130
75936,350,40,0
75937,480,50,0
75938,1000,80,0
75939,1570,100,0
75941,3260,170,20
75943,550,50,0
75944,550,60,0
75946,1330,110,0
75948,2360,230,60
75949,3190,250,30
75951,6500,430,110
75954,1320,140,30
75956,2820,280,20
75959,370,50,0
75960,370,20,0
75961,5470,300,90
75964,7360,330,60
75965,6690,810,250
75966,1690,140,0
75968,710,70,0
75969,1570,110,20
75972,2600,140,30
75973,1030,90,20
75974,1190,100,0
75975,1430,110,0
75977,250,0,0
75979,3200,210,60
75980,980,80,0
76001,13970,2140,400
76002,14150,1630,120
76006,13020,950,430
76008,6410,1670,850
76009,8380,610,80
76010,21440,260,30
76011,10790,390,120
76012,12630,1800,590
76013,14590,1630,410
76014,15410,420,0
76015,8240,610,110
76016,15040,2650,850
76017,21730,2780,630
76018,12650,910,60
76020,11550,1490,320
76021,17790,2860,530
76022,7080,560,100
76023,2630,260,30
76028,27400,4190,790
76031,6600,470,80
76033,11050,1030,260
76034,11620,2850,3130
76035,770,150,60
76036,10690,1300,200
76039,17720,1790,330
76040,13500,1040,120
76041,180,0,0
76043,2910,380,90
76044,1720,210,40
76048,9920,1020,330
76049,12040,2190,580
76050,2640,330,70
76051,22940,4590,1500
76052,7270,1730,370
76053,13980,1050,100
76054,6260,1410,360
76055,1110,90,0
76058,7320,650,80
76059,1930,110,20
76060,3350,520,160
76061,310,50,0
76063,28570,5560,1500
76064,840,130,20
76065,14090,2730,500
76066,1360,130,40
76067,7920,460,80
76070,200,50,0
76071,1580,200,30
76073,2270,310,50
76077,250,40,0
76078,3680,450,70
76082,7690,850,110
76084,3180,230,20
76085,4580,700,120
76086,9200,720,170
76087,11730,2500,650
76088,5070,730,160
76092,12240,2510,4340
76093,980,90,0
76102,3850,450,390
76103,6480,250,40
76104,6570,130,40
76105,8690,60,0
76106,13330,120,0
76107,13560,1490,1340
76108,17780,1890,470
76109,9590,1530,1600
76110,12720,700,360
76111,9120,230,40
76112,18020,890,180
76114,10800,360,90
76115,8350,90,0
76116,21370,1840,790
76117,13740,440,50
76118,6780,780,70
76119,17190,220,0
76120,7790,450,90
76123,13390,1690,280
76126,10230,1900,610
76127,230,0,0
76131,13640,1710,120
76132,12280,1310,1090
76133,22400,1760,230
76134,10960,480,50
76135,8750,940,170
76137,25810,3250,330
76140,12060,530,90
76148,11120,840,50
76155,2410,140,0
76164,6930,70,20
76177,3850,740,60
76179,22810,3340,720
76180,16060,1590,290
76182,14110,2920,690
76201,8980,420,70
76205,7850,710,250
76207,5780,730,160
76208,9220,1350,320
76209,11100,710,70
76210,17490,3220,600
76225,1380,160,40
76226,8530,2380,1430
76227,10850,1490,280
76228,450,60,0
76230,4130,430,110
76233,1410,150,30
76234,7000,990,290
76238,240,50,0
76239,480,60,30
76240,10980,870,220
76244,27300,6110,860
76245,750,70,0
76247,5940,890,120
76248,16400,4600,2240
76249,3620,480,70
76250,610,120,30
76251,330,50,0
76252,1420,200,90
76255,2180,180,70
76258,2900,370,140
76259,2020,290,80
76261,90,0,0
76262,14270,3300,1610
76264,630,80,0
76265,720,60,30
76266,6400,790,150
76270,880,100,40
76271,640,60,20
76272,2020,230,60
76273,3900,360,70
76301,6680,140,70
76302,5170,350,100
76305,2270,200,30
76306,6540,250,0
76308,9290,1010,460
76309,5920,480,170
76310,8260,960,200
76311,1160,30,0
76351,840,90,0
76354,5080,460,50
76357,310,40,0
76360,1350,110,0
76363,130,0,0
76365,2080,190,40
76366,990,110,30
76367,4280,390,60
76371,680,50,0
76372,360,30,0
76374,1640,130,40
76377,360,30,0
76379,220,30,0
76380,1480,90,40
76384,5130,300,80
76389,580,90,0
76401,10210,830,210
76424,3350,250,80
76426,4490,470,110
76427,320,40,0
76430,1130,120,60
76431,1440,140,30
76432,550,30,0
76433,570,90,30
76435,250,0,0
76436,110,0,0
76437,2170,120,40
76442,2980,160,40
76443,740,60,0
76444,1430,110,0
76445,160,0,0
76446,3170,170,30
76448,2380,150,50
76449,980,110,60
76450,5710,540,260
76453,490,60,30
76454,640,30,0
76455,380,20,0
76457,1520,120,40
76458,2150,250,70
76460,150,20,0
76462,1210,150,60
76463,190,20,0
76464,180,0,0
76470,1120,70,0
76471,580,50,0
76472,680,70,0
76474,130,0,0
76475,400,40,0
76476,1050,150,30
76481,110,0,0
76483,460,30,30
76484,390,40,0
76486,520,60,0
76487,990,110,20
76491,170,0,0
76501,7180,380,80
76502,15440,1780,630
76504,9880,330,70
76511,920,60,0
76513,15300,1660,550
76518,500,20,0
76519,260,20,0
76520,3270,210,50
76522,15830,990,80
76524,1240,120,0
76525,410,20,0
76527,1830,170,20
76528,6830,470,80
76530,1130,110,0
76531,2040,130,50
76534,1090,110,30
76537,2290,160,30
76538,320,30,0
76539,3580,430,40
76541,7790,120,20
76542,18680,1310,110
76543,12640,390,60
76544,9870,110,0
76548,11690,1470,230
76549,18850,790,70
76550,5210,410,110
76554,990,90,0
76556,600,50,0
76557,2050,150,20
76559,2050,170,50
76561,440,30,0
76566,120,0,0
76567,3650,290,60
76569,1130,110,0
76570,1050,70,0
76571,3280,660,210
76574,7880,610,90
76577,1310,140,20
76578,730,80,0
76579,1950,150,30
76621,500,70,0
76622,440,30,0
76624,1030,90,0
76626,680,80,0
76627,650,60,0
76629,850,90,0
76630,740,80,0
76631,200,0,0
76632,670,20,0
76633,2330,340,100
76634,2900,240,80
76635,520,0,0
76636,630,70,0
76637,230,30,0
76638,1260,220,80
76639,570,40,0
76640,1330,90,0
76641,640,60,0
76642,2600,240,50
76643,6700,820,90
76645,4630,260,70
76648,1020,80,0
76649,300,40,0
76651,1270,110,0
76652,390,30,0
76653,420,40,0
76655,3640,560,110
76656,950,70,0
76657,4180,510,300
76660,200,0,0
76661,2580,80,20
76664,1260,90,0
76665,990,100,0
76666,110,0,0
76667,4760,250,50
76670,540,40,0
76671,650,40,0
76673,430,30,0
76676,160,0,0
76679,540,40,0
76681,170,0,0
76682,1240,100,0
76687,580,80,0
76689,1630,140,30
76690,490,40,0
76691,3020,290,40
76692,4070,380,60
76693,720,80,0
76701,660,40,0
76704,2810,0,0
76705,11830,410,60
76706,11760,670,90
76707,6440,80,0
76708,10980,690,150
76710,11240,750,360
76711,3870,50,0
76712,11110,1740,560
76801,9620,510,140
76802,2030,170,0
76821,2080,130,30
76823,1210,80,0
76825,3030,170,40
76827,150,30,0
76832,240,30,0
76834,2370,130,40
76837,580,30,0
76844,1450,110,20
76849,1650,100,30
76853,610,60,0
76854,130,0,0
76856,1620,120,50
76857,670,60,0
76858,110,0,0
76859,750,60,20
76861,880,90,0
76864,260,20,0
76866,230,20,0
76870,100,0,0
76871,310,0,0
76872,280,20,0
76875,280,40,0
76877,1680,90,30
76878,670,50,0
76882,110,0,0
76890,380,30,0
76901,12960,940,250
76903,13710,450,90
76904,14720,1920,640
76905,4980,360,50
76932,1540,170,60
76933,570,60,0
76934,430,30,0
76935,690,110,50
76936,1170,120,40
76937,120,0,0
76941,640,90,30
76943,1650,190,50
76945,750,90,0
76950,1850,220,80
76951,580,60,60
76957,190,60,0
77002,4450,590,710
77003,4900,500,120
77004,13100,1370,710
77005,11090,1700,4440
77006,12050,1930,1410
77007,19360,4040,2950
77008,17300,3340,2160
77009,17240,1380,690
77010,430,90,180
77011,7280,90,0
77012,7430,90,0
77013,6730,210,0
77014,13160,660,70
77015,22380,1100,140
77016,12600,170,0
77017,12960,350,40
77018,12880,2150,1070
77019,11840,1830,2360
77020,10350,190,40
77021,11670,460,190
77022,11510,150,20
77023,11640,390,80
77024,17570,2430,5400
77025,12120,1890,1700
77026,9630,90,0
77027,8730,1260,1620
77028,7490,110,0
77029,7590,150,20
77030,5100,820,960
77031,6740,410,60
77032,4910,70,20
77033,12650,100,0
77034,14800,520,40
77035,15480,1280,350
77036,25970,710,170
77037,7640,160,0
77038,10850,190,0
77039,10720,170,20
77040,22450,1970,700
77041,16380,1790,1460
77042,20240,1890,1570
77043,11530,1350,510
77044,14970,2350,690
77045,13900,290,20
77046,980,190,190
77047,12010,570,30
77048,7050,180,0
77049,13120,900,80
77050,1880,60,0
77051,6740,70,0
77053,13340,310,0
77054,9950,650,160
77055,17710,1520,1570
77056,11100,1800,2750
77057,19810,2190,2120
77058,8660,1040,410
77059,7880,2150,1500
77060,15050,150,90
77061,9640,370,70
77062,12040,2620,850
77063,16700,1380,810
77064,21690,2550,600
77065,17040,1910,470
77066,14860,1140,230
77067,12930,310,70
77068,5150,700,320
77069,8940,1380,1010
77070,23000,3310,930
77071,12270,890,200
77072,24470,440,70
77073,16080,740,100
77074,14920,510,120
77075,15610,660,30
77076,12670,200,0
77077,27260,4030,2480
77078,6200,80,0
77079,15570,2700,3060
77080,18270,1030,270
77081,17430,480,240
77082,25280,1710,830
77083,31810,1800,210
77084,44370,4210,880
77085,7360,210,0
77086,11270,300,30
77087,14920,320,30
77088,23260,810,80
77089,22380,2300,250
77090,16000,690,160
77091,10690,360,60
77092,15040,770,160
77093,17470,190,0
77094,4590,1060,1230
77095,31410,6180,1920
77096,16130,2540,1410
77098,8110,1340,1210
77099,20210,480,60
77301,11660,480,70
77302,7540,890,340
77303,7020,540,80
77304,11160,1540,620
77306,4430,230,40
77316,7690,1440,670
77318,6480,1010,330
77320,8850,600,110
77327,7060,510,80
77328,6290,440,70
77331,2610,250,80
77335,810,50,0
77336,5700,990,310
77338,15860,790,110
77339,18050,3170,1180
77340,9710,840,180
77345,12200,3270,2350
77346,25100,5350,1480
77351,10910,840,230
77354,13790,2600,1140
77355,10510,1800,830
77356,12630,2520,1380
77357,8880,800,150
77358,2170,180,50
77359,310,30,0
77360,2160,130,30
77362,2200,280,90
77363,1360,110,30
77364,970,80,20
77365,12640,1590,440
77371,2800,190,0
77372,4670,360,30
77373,25320,2540,350
77375,18820,2590,690
77377,14500,3450,1300
77378,6550,430,90
77379,33420,7100,3670
77380,12090,1670,1260
77381,16140,3580,3290
77382,14510,3580,3780
77384,6920,1520,630
77385,9490,1700,380
77386,19470,4000,1380
77388,19900,3630,980
77389,11600,2590,1700
77396,19180,1870,700
77401,7990,1280,2910
77406,16400,3880,1890
77407,15720,2930,530
77414,8890,1050,170
77417,850,70,0
77418,4350,530,220
77420,1030,120,0
77422,5520,800,100
77423,4130,360,80
77426,1000,120,60
77429,33610,7110,3440
77430,990,170,40
77433,26960,5830,2310
77434,2020,90,30
77435,2210,340,70
77437,7530,730,180
77441,4030,1260,1070
77442,440,40,0
77444,370,50,0
77445,5170,370,150
77447,5540,600,220
77449,43640,3420,360
77450,30590,6270,3710
77455,900,80,30
77459,28340,6770,2930
77461,4600,650,90
77465,2940,280,40
77469,17000,2200,620
77471,15940,1050,190
77474,5910,680,180
77477,15580,1300,220
77478,12440,2550,1500
77479,33720,8610,6360
77480,3090,530,70
77482,1040,160,0
77484,5050,590,140
77485,1460,150,20
77486,3140,480,90
77488,5990,470,100
77489,18050,1070,100
77493,11500,1690,460
77494,32270,9950,6080
77498,21200,3080,800
77502,14840,560,50
77503,9810,500,20
77504,9410,740,120
77505,10320,1860,430
77506,13130,220,0
77510,6470,1140,140
77511,19170,2320,310
77514,2300,310,50
77515,11660,1540,250
77517,2710,520,90
77518,3990,300,40
77519,440,70,0
77520,15660,1060,150
77521,22360,2850,450
77523,8200,2310,420
77530,12730,640,70
77531,6630,650,70
77532,12040,1920,330
77534,1320,240,50
77535,11670,1590,160
77536,15030,2860,420
77538,390,60,0
77539,17800,2380,380
77541,7300,460,60
77545,9460,730,80
77546,22430,4930,2380
77547,3950,120,0
77550,10360,510,190
77551,8950,590,240
77554,3740,600,370
77560,450,60,0
77562,4780,570,80
77563,4270,470,90
77564,690,100,0
77565,3640,620,310
77566,13650,2740,780
77568,7010,510,70
77571,16080,2560,280
77573,33990,8410,2330
77575,5820,660,120
77577,540,70,0
77578,6990,1450,450
77581,19860,4130,1050
77583,8850,1110,190
77584,32340,7690,2340
77585,360,40,0
77586,10840,2350,920
77587,6560,150,20
77590,13790,1080,130
77591,7360,410,30
77597,340,80,0
77598,10820,730,110
77611,4180,670,80
77612,3460,470,50
77616,450,70,0
77619,7350,890,80
77622,720,130,0
77624,350,20,0
77625,3630,390,70
77627,10470,1590,260
77630,11130,1280,190
77632,9010,1560,200
77640,6960,400,40
77642,15120,850,100
77651,6050,1100,200
77655,150,0,0
77656,7190,700,90
77657,8840,1510,280
77659,2200,370,100
77660,630,70,0
77662,10490,1030,100
77664,1090,130,0
77665,2820,320,70
77701,5800,80,30
77702,1370,90,40
77703,5760,100,0
77705,11200,960,130
77706,13420,2050,1060
77707,7670,790,210
77708,5330,400,40
77713,5750,870,220
77801,4930,140,30
77802,10690,1200,320
77803,11600,180,30
77807,3800,270,100
77808,5170,770,180
77830,1240,140,30
77831,1230,80,30
77833,11520,1090,350
77835,1110,120,30
77836,4900,450,90
77837,630,40,0
77840,11290,550,180
77845,21360,3950,1670
77853,460,40,0
77856,1910,210,60
77857,350,50,0
77859,2980,160,40
77861,1020,130,40
77864,3350,180,90
77865,680,90,0
77868,5760,330,100
77871,1500,190,50
77872,770,70,20
77873,530,70,0
77879,1940,110,30
77880,810,60,40
77901,18280,970,180
77904,11770,2050,660
77905,6530,960,190
77954,4580,380,230
77957,3660,340,70
77962,1570,180,40
77963,2360,280,50
77964,3590,430,110
77968,1240,250,70
77971,410,60,0
77974,220,60,0
77975,830,80,30
77979,7630,720,120
77983,860,90,0
77984,1980,230,90
77990,300,30,0
77994,170,20,30
77995,4140,360,160
78002,2930,140,0
78003,4050,380,110
78004,290,70,20
78005,310,40,0
78006,14900,2700,1490
78008,130,0,20
78009,3480,430,100
78010,1380,100,30
78011,860,60,20
78012,200,0,0
78013,2550,240,100
78014,2010,110,70
78015,5530,1490,1060
78016,4130,320,80
78017,1570,70,40
78022,2180,260,100
78023,12000,3290,980
78024,750,110,60
78025,2280,140,50
78026,2520,240,80
78027,250,50,0
78028,17080,1580,580
78039,880,80,0
78040,15920,210,70
78041,19980,1290,460
78043,16940,550,130
78045,25630,2600,580
78046,23870,440,30
78052,3050,260,30
78055,720,50,30
78056,840,230,60
78057,430,40,0
78058,520,60,0
78059,2130,160,0
78061,3980,170,80
78063,3930,500,100
78064,6170,730,220
78065,4340,220,20
78066,310,70,0
78067,310,20,0
78069,2120,90,0
78070,7040,1370,580
78071,1590,210,60
78072,330,50,50
78073,3280,130,0
78076,4650,250,50
78101,3850,550,100
78102,7830,460,110
78108,14390,2620,190
78109,18520,1220,70
78112,3380,130,0
78113,1050,210,120
78114,8680,1040,180
78116,150,20,20
78117,310,60,40
78118,1930,130,160
78119,2180,200,90
78121,5600,1120,200
78122,160,0,0
78123,1200,100,50
78124,2630,260,40
78130,29470,2740,580
78132,10390,2360,910
78133,8020,960,280
78140,1400,80,30
78141,290,40,20
78148,9890,1050,130
78151,630,40,50
78152,1130,200,20
78154,15630,2580,320
78155,19710,1540,390
78159,390,30,0
78160,1770,190,30
78161,400,40,0
78163,4820,1090,360
78164,1790,210,170
78201,19470,470,80
78202,4850,60,30
78203,2500,20,0
78204,5020,150,80
78205,740,50,100
78207,18660,140,30
78208,1600,30,0
78209,18980,2920,2570
78210,15620,320,80
78211,13010,100,0
78212,12590,730,720
78213,19490,860,320
78214,9780,120,0
78215,1130,110,30
78216,19450,1520,600
78217,16300,860,220
78218,14510,500,220
78219,6620,160,20
78220,7460,120,0
78221,15300,280,30
78222,8690,390,30
78223,21790,720,60
78224,7910,190,0
78225,5810,70,0
78226,2710,20,0
78227,19860,320,0
78228,25530,610,70
78229,13550,580,200
78230,20370,2420,1250
78231,4240,790,440
78232,18210,3120,970
78233,21540,1240,80
78234,2170,170,20
78235,350,30,0
78236,1320,60,0
78237,15030,90,0
78238,11450,480,40
78239,13400,1080,120
78240,25440,2020,300
78242,12280,140,0
78244,13680,650,30
78245,29240,1560,90
78247,23910,2950,270
78248,6880,1680,1080
78249,22050,2780,490
78250,25960,2230,140
78251,24470,2260,200
78252,3130,80,0
78253,17310,3210,330
78254,21670,2790,270
78255,5650,1630,660
78256,3350,710,460
78257,2480,390,580
78258,19280,4690,2370
78259,11130,2560,680
78260,11870,3280,1300
78261,7550,1900,660
78263,2160,280,50
78264,4970,170,30
78266,3200,840,430
78330,500,70,0
78332,11150,940,220
78336,4460,330,80
78340,230,0,0
78343,1860,180,30
78344,170,20,0
78349,220,0,0
78353,160,0,0
78355,2900,140,20
78357,1480,120,30
78361,2090,120,30
78362,4440,420,60
78363,11220,880,120
78368,3890,260,50
78369,160,0,0
78370,2120,210,40
78372,2500,300,60
78373,2110,270,120
78374,8140,1260,270
78375,1390,80,20
78376,140,0,0
78377,1730,190,50
78379,800,80,30
78380,9270,700,170
78382,7260,760,260
78383,1520,230,70
78384,2470,150,30
78387,4220,320,60
78389,740,70,0
78390,2610,180,50
78391,170,0,0
78393,1100,130,30
78401,1620,90,80
78402,280,30,0
78404,6920,380,210
78405,5820,60,0
78406,390,0,0
78407,1120,20,0
78408,4710,90,0
78409,1160,80,0
78410,11240,1600,320
78411,12810,860,330
78412,15980,1110,370
78413,17210,2320,560
78414,14790,2700,630
78415,17250,600,60
78416,6520,90,0
78417,1880,40,0
78418,13380,1650,520
78501,22890,1120,350
78503,8250,320,200
78504,19890,2250,760
78516,11110,270,30
78520,24010,920,230
78521,34810,820,180
78526,18100,1050,180
78536,110,0,0
78537,13890,250,30
78538,3680,90,0
78539,12460,1260,270
78541,13510,560,80
78542,19590,690,60
78550,20010,1110,280
78552,12430,970,270
78557,6070,110,30
78559,4490,210,30
78560,2000,60,0
78563,290,30,0
78564,130,0,0
78566,5710,330,40
78569,1590,100,0
78570,11350,240,30
78572,26200,1540,480
78573,13730,490,180
78574,17690,710,140
78575,1980,210,120
78576,3610,70,0
78577,26270,650,120
78578,4380,260,90
78580,4380,130,30
78582,13270,460,60
78583,2390,130,0
78584,7130,140,20
78586,19020,560,80
78588,180,0,0
78589,14760,360,40
78591,130,0,0
78593,2150,50,0
78595,2020,0,0
78596,22410,880,180
78597,1320,140,90
78598,140,0,0
78602,10950,1100,250
78605,2130,200,60
78606,2480,260,110
78608,260,30,0
78609,880,70,20
78610,12870,1950,330
78611,5580,500,160
78612,5450,500,60
78613,31340,6960,1690
78614,230,40,0
78615,580,80,0
78616,2740,150,0
78617,8160,210,20
78618,140,0,0
78619,1620,420,250
78620,7030,1500,670
78621,9330,730,110
78623,530,100,0
78624,10530,1040,510
78626,10780,1070,210
78628,12080,2560,940
78629,5140,340,170
78631,1190,100,30
78632,410,50,0
78633,10920,2610,820
78634,11620,1220,120
78636,1700,180,70
78638,920,90,30
78639,3100,250,90
78640,19690,1640,120
78641,20810,3110,790
78642,4680,810,190
78643,2830,220,80
78644,7330,440,90
78645,5220,840,300
78648,3160,200,70
78650,650,70,0
78652,2310,350,60
78653,7690,520,80
78654,8110,720,290
78655,1200,100,20
78656,1010,40,0
78657,2730,440,330
78659,1140,110,0
78660,34060,4740,550
78662,1010,120,0
78663,290,40,20
78664,24880,2500,580
78665,16910,3330,700
78666,24940,1440,360
78669,4240,800,470
78671,360,40,0
78672,390,30,0
78676,6260,990,350
78681,22320,5390,1410
78701,4590,900,830
78702,10860,520,120
78703,10850,1850,2280
78704,24290,2710,1330
78705,5410,320,230
78717,11780,3130,1030
78719,760,0,0
78721,5160,90,0
78722,3440,350,100
78723,14090,1000,210
78724,8450,150,20
78725,3120,120,0
78726,6440,1110,670
78727,14010,2130,420
78728,10590,940,110
78729,14780,1940,280
78730,3930,780,1100
78731,13420,2650,2380
78732,6020,1860,1600
78733,3870,810,950
78734,9660,2030,1290
78735,7840,1470,1300
78736,3930,670,210
78737,6500,1960,800
78738,6860,1730,1800
78739,7250,2640,1280
78741,20150,370,60
78742,330,0,0
78744,18890,320,40
78745,30410,1920,270
78746,13410,2450,3920
78747,7800,680,170
78748,22750,2740,390
78749,17370,3610,700
78750,13470,2590,1380
78751,7210,680,280
78752,8100,220,40
78753,22460,810,80
78754,8440,670,60
78756,4370,630,380
78757,11410,1730,420
78758,21650,1140,170
78759,21520,3800,1810
78801,8170,440,120
78827,580,30,0
78828,130,0,0
78829,480,0,0
78830,270,0,0
78832,1270,110,20
78833,510,40,0
78834,3410,210,60
78838,220,40,0
78839,3440,80,20
78840,18530,1130,150
78850,540,60,0
78852,18990,660,100
78861,5150,390,120
78870,360,40,0
78873,760,50,20
78877,340,0,0
78879,120,0,0
78880,650,60,0
78881,990,80,0
78883,120,20,0
78884,530,60,0
78886,240,30,0
78931,140,0,0
78932,330,50,0
78933,680,110,50
78934,3240,310,80
78935,390,70,0
78938,180,0,0
78940,880,90,30
78941,1270,130,40
78942,3970,340,90
78943,170,0,0
78944,340,50,0
78945,4610,530,170
78946,440,40,0
78947,1860,230,40
78948,400,40,0
78949,220,30,0
78950,880,140,60
78953,460,70,0
78954,530,60,40
78956,2400,230,70
78957,3880,390,80
78959,790,40,0
78962,2110,230,60
78963,330,40,0
79001,120,0,0
79005,670,80,40
79007,5760,720,100
79009,850,30,0
79010,210,0,0
79011,110,20,30
79012,590,170,40
79013,1370,0,0
79014,1790,250,140
79015,7910,1080,290
79018,200,0,0
79019,710,110,0
79022,4140,320,150
79024,180,30,0
79027,1990,80,50
79029,6940,590,120
79031,530,40,0
79034,290,50,0
79035,2220,110,40
79036,2120,360,30
79039,360,60,0
79040,750,80,40
79041,1200,60,0
79042,490,50,0
79043,560,40,0
79044,290,30,0
79045,7930,300,110
79046,270,40,0
79052,520,40,0
79057,480,50,0
79059,360,50,20
79061,180,20,0
79062,110,20,0
79063,300,50,0
79064,1000,50,0
79065,8110,780,200
79068,1360,190,30
79070,4440,490,210
79072,10260,520,140
79079,1170,100,30
79080,250,30,0
79081,1560,160,70
79082,130,0,0
79083,980,150,20
79084,970,70,30
79086,890,100,20
79087,290,40,0
79088,2040,120,30
79092,480,50,0
79095,1090,70,20
79096,970,120,70
79097,510,90,0
79098,180,30,0
79101,1210,50,40
79102,4370,180,50
79103,4600,120,0
79104,2890,30,0
79106,12300,800,230
79107,13200,110,0
79108,5250,380,40
79109,20560,2290,570
79110,8590,510,50
79111,580,0,0
79118,9310,1050,160
79119,6220,1530,570
79121,3100,600,250
79124,3750,760,370
79201,2420,140,40
79225,420,40,0
79226,1250,90,0
79227,470,40,0
79229,150,0,0
79235,1510,110,40
79237,190,0,0
79241,990,80,0
79244,300,0,0
79245,970,50,0
79248,600,40,0
79250,590,60,0
79252,1240,100,0
79255,190,0,0
79256,100,0,0
79257,420,40,0
79261,180,0,0
79311,1370,120,30
79312,380,0,0
79313,630,60,0
79316,4210,290,90
79322,770,70,0
79323,2720,410,90
79325,900,60,20
79329,1440,180,40
79331,4690,390,140
79336,6910,740,180
79339,2860,150,40
79342,140,0,0
79343,620,40,0
79345,410,40,0
79346,910,60,0
79347,2880,130,50
79350,330,30,0
79351,520,40,20
79355,790,90,20
79356,1810,130,50
79357,940,50,20
79358,510,50,20
79359,1130,100,0
79360,5420,560,150
79363,2370,310,70
79364,3360,190,50
79366,490,120,60
79367,340,30,0
79370,570,50,0
79371,550,60,0
79372,680,110,0
79373,1310,110,40
79377,110,0,0
79379,260,20,0
79381,470,50,20
79382,3110,380,100
79401,2090,50,20
79403,6520,140,40
79404,4130,60,20
79407,8070,500,330
79410,3320,230,120
79411,3060,60,0
79412,6400,140,30
79413,9440,770,200
79414,7890,240,40
79415,6650,160,30
79416,13690,1140,370
79423,15700,1700,620
79424,19770,3730,1390
79501,1440,110,0
79502,560,40,0
79504,1120,120,0
79505,100,0,0
79506,300,30,0
79508,640,50,20
79510,3450,230,40
79511,630,110,0
79512,2430,240,100
79520,930,60,20
79521,1510,100,20
79525,1240,100,0
79526,450,80,20
79527,210,40,0
79528,270,30,0
79529,550,50,0
79530,250,30,0
79532,380,50,0
79533,210,0,0
79536,2140,180,30
79538,100,0,0
79541,300,60,0
79543,480,80,0
79544,180,0,0
79545,810,70,40
79546,780,60,30
79547,320,30,0
79549,5730,630,180
79553,1370,90,20
79556,5480,370,120
79561,280,30,0
79562,1780,330,70
79563,600,0,0
79565,160,20,0
79566,120,0,0
79567,1390,70,30
79601,7680,490,100
79602,9720,1030,350
79603,10250,250,30
79605,13680,780,250
79606,10880,1280,410
79607,1190,20,0
79701,13130,910,470
79703,9810,1060,110
79705,16010,2660,1360
79706,9090,1320,380
79707,15780,3080,1940
79713,270,30,30
79714,6990,1070,280
79718,270,0,0
79720,11900,1060,300
79731,1950,250,40
79734,920,90,20
79735,4970,390,80
79738,140,30,0
79739,490,70,70
79741,160,40,0
79745,2620,310,60
79749,150,40,0
79752,910,120,0
79755,130,30,0
79756,4220,510,140
79758,1240,190,70
79761,13710,1140,260
79762,17970,2150,680
79763,14980,1060,120
79764,9610,810,150
79765,4640,960,440
79766,2540,240,30
79772,4290,290,70
79782,1900,240,110
79821,2020,70,0
79830,2520,230,30
79835,5110,130,20
79836,2580,90,20
79839,670,0,0
79843,1160,90,0
79849,5090,30,0
79852,380,0,0
79901,5930,40,30
79902,9960,640,330
79903,7890,170,30
79904,13190,480,90
79905,10060,90,0
79906,2000,80,0
79907,23370,320,30
79908,720,20,0
79911,1460,330,50
79912,33810,4300,1650
79915,16100,210,30
79922,3760,500,470
79924,25270,880,50
79925,18090,1040,190
79927,15760,230,30
79928,20400,1040,100
79930,11550,270,40
79932,11100,1140,420
79934,9500,870,60
79935,7770,530,70
79936,48500,3030,430
79938,24090,1560,110
