75001, 9110, 1090, 510
75002, 28990, 6260, 2020
75006, 23460, 2030, 450
75007, 26020, 4090, 1000
75009, 4140, 850, 270
75010, 12210, 2100, 720
75013, 15730, 4550, 2860
75019, 19340, 4640, 2980
75020, 9520, 680, 160
75021, 3700, 270, 50
75022, 9690, 2890, 2130
75023, 22820, 4030, 960
75024, 18830, 4280, 2400
75025, 23580, 6100, 2610
75028, 19820, 5600, 2040
75032, 13010, 2510, 1480
75034, 24330, 5540, 3720
75035, 24240, 7360, 2110
75038, 14830, 1080, 550
75039, 8530, 1660, 840
75040, 27790, 1820, 180
75041, 13140, 490, 70
75042, 16560, 500, 50
75043, 27460, 2280, 340
75044, 20350, 2500, 850
75048, 10110, 2210, 450
75050, 18540, 1010, 180
75051, 16170, 350, 30
75052, 41030, 4320, 490
75054, 4580, 1400, 290
75056, 26180, 4220, 1710
75057, 6410, 320, 50
75058, 1310, 250, 60
75060, 20850, 1010, 90
75061, 23780, 970, 160
75062, 22190, 1320, 420
75063, 17900, 3630, 1460
75065, 5280, 790, 150
75067, 31470, 2750, 360
75068, 19440, 3340, 470
75069, 16340, 1810, 960
75070, 38800, 9750, 3180
75071, 18550, 3960, 1120
75074, 20980, 2380, 500
75075, 16890, 3180, 720
75076, 3420, 420, 120
75077, 17250, 3980, 1610
75078, 6670, 1960, 1270
75080, 20260, 3280, 1050
75081, 17600, 2250, 390
75082, 9980, 2550, 1270
75087, 14670, 3660, 910
75088, 11820, 2060, 430
75089, 13800, 2660, 400
75090, 9490, 460, 80
75092, 10290, 990, 280
75093, 23390, 4460, 4380
75094, 8960, 2780, 1120
75098, 22880, 3920, 530
75102, 540, 40, 0
75103, 5390, 570, 130
75104, 21380, 2220, 470
75105, 150, 0, 0
75109, 1680, 210, 60
75110, 11450, 640, 150
75114, 2300, 310, 40
75115, 24450, 2240, 340
75116, 8820, 460, 60
75117, 1640, 160, 20
75119, 10810, 820, 160
75124, 1800, 140, 20
75125, 2870, 160, 0
75126, 17070, 2990, 380
75127, 660, 40, 0
75134, 9010, 260, 0
75135, 2600, 320, 30
75137, 9200, 850, 160
75140, 2700, 220, 30
75141, 1510, 40, 0
75142, 8180, 750, 130
75143, 5620, 390, 100
75144, 1310, 90, 30
75146, 9380, 480, 50
75147, 3010, 220, 40
75148, 2310, 170, 40
75149, 24810, 1230, 110
75150, 27280, 1410, 120
75152, 2090, 210, 40
75153, 300, 20, 0
75154, 17260, 2010, 300
75155, 1020, 60, 0
75156, 5450, 340, 120
75158, 1910, 220, 40
75159, 7170, 430, 50
75160, 10520, 860, 200
75161, 2600, 230, 20
75163, 960, 100, 30
75165, 17470, 1840, 340
75166, 1820, 370, 50
75167, 3600, 710, 120
75169, 5900, 460, 70
75172, 1780, 20, 0
75173, 2000, 270, 30
75180, 9670, 210, 0
75181, 11640, 1390, 110
75182, 2560, 680, 350
75189, 10440, 1510, 200
75201, 7420, 1070, 1060
75202, 1620, 270, 130
75203, 6210, 130, 0
75204, 16590, 2220, 1010
75205, 9800, 1450, 3180
75206, 19800, 2310, 1300
75207, 1590, 210, 80
75208, 13700, 980, 580
75209, 7560, 1010, 1440
75210, 2780, 0, 0
75211, 29370, 420, 40
75212, 10030, 70, 0
75214, 17200, 2990, 2720
75215, 6770, 130, 40
75216, 20940, 130, 0
75217, 32470, 240, 20
75218, 11940, 1860, 880
75219, 14740, 2010, 1450
75220, 16090, 680, 770
75223, 6100, 270, 140
75224, 13770, 310, 40
75225, 11070, 1750, 4190
75226, 1850, 120, 40
75227, 23320, 470, 60
75228, 28960, 1150, 210
75229, 15590, 2120, 2020
75230, 13830, 1770, 3140
75231, 16100, 1080, 700
75232, 13660, 400, 40
75233, 5880, 220, 0
75234, 14620, 1120, 420
75235, 8030, 290, 90
75236, 7120, 190, 30
75237, 7610, 100, 0
75238, 13630, 2160, 1010
75240, 11130, 650, 530
75241, 13350, 160, 0
75243, 28330, 1780, 810
75244, 6680, 1110, 750
75246, 1120, 60, 0
75247, 580, 0, 20
75248, 17870, 3350, 2120
75249, 6810, 450, 30
75251, 1570, 140, 70
75252, 12350, 1910, 1220
75253, 6990, 100, 0
75254, 12080, 700, 700
75287, 28410, 2010, 1140
75401, 7030, 220, 40
75402, 7380, 980, 200
75407, 6660, 530, 60
75409, 5820, 640, 90
75410, 1710, 160, 30
75411, 400, 30, 0
75412, 260, 0, 0
75414, 1330, 170, 30
75416, 1200, 90, 0
75417, 980, 100, 0
75418, 4730, 330, 70
75420, 480, 50, 0
75421, 420, 30, 0
75422, 1170, 160, 0
75423, 1160, 140, 0
75424, 1480, 170, 30
75426, 2160, 80, 20
75428, 3250, 230, 30
75431, 790, 50, 0
75432, 1320, 130, 0
75433, 1130, 90, 0
75435, 380, 0, 0
75436, 860, 60, 0
75437, 490, 50, 0
75438, 460, 40, 0
75439, 400, 30, 0
75440, 2620, 270, 60
75442, 3850, 430, 100
75446, 1270, 80, 20
75447, 430, 40, 0
75448, 270, 20, 0
75449, 420, 30, 0
75450, 110, 0, 0
75451, 500, 40, 0
75452, 1810, 190, 30
75453, 1350, 130, 0
75454, 3390, 640, 160
75455, 10810, 610, 150
75457, 2700, 230, 60
75459, 1800, 230, 30
75460, 9060, 330, 80
75462, 4720, 570, 190
75468, 390, 40, 0
75469, 150, 0, 0
75470, 110, 0, 0
75471, 530, 30, 0
75472, 1360, 110, 0
75473, 1570, 180, 40
75474, 5970, 430, 70
75476, 530, 60, 0
75477, 380, 30, 0
75478, 380, 20, 0
75479, 690, 40, 0
75480, 620, 70, 20
75481, 160, 0, 0
75482, 9960, 730, 180
75486, 1040, 90, 0
75487, 570, 40, 0
75488, 410, 30, 0
75490, 1030, 140, 0
75491, 2010, 200, 40
75492, 230, 20, 0
75494, 4290, 340, 60
75495, 3260, 530, 130
75496, 1280, 120, 0
75497, 1450, 180, 50
75501, 14700, 760, 90
75503, 11160, 1420, 580
75550, 360, 0, 0
75551, 4480, 390, 70
75554, 700, 50, 0
75555, 570, 50, 0
75556, 520, 40, 0
75558, 660, 70, 0
75559, 2450, 140, 30
75560, 450, 30, 0
75561, 2340, 140, 0
75563, 1680, 130, 30
75566, 280, 0, 0
75567, 1530, 90, 0
75568, 1170, 80, 0
75569, 1540, 100, 0
75570, 3960, 270, 30
75571, 1140, 80, 0
75572, 1560, 110, 0
75574, 730, 50, 0
75601, 6370, 530, 180
75602, 9090, 390, 100
75603, 2570, 270, 40
75604, 12790, 1150, 310
75605, 13220, 1860, 670
75630, 1010, 90, 0
75631, 1100, 160, 20
75633, 6090, 790, 170
75638, 2260, 160, 0
75639, 1170, 130, 0
75640, 1980, 270, 30
75643, 810, 110, 0
75644, 4830, 410, 60
75645, 3820, 390, 50
75647, 5540, 510, 90
75650, 3980, 570, 130
75651, 920, 120, 0
75652, 5200, 470, 120
75654, 4750, 420, 90
75656, 1980, 140, 0
75657, 3370, 220, 60
75661, 1020, 90, 0
75662, 9950, 930, 190
75667, 450, 50, 0
75668, 800, 50, 0
75669, 240, 30, 0
75670, 6820, 240, 60
75672, 6970, 720, 180
75681, 1090, 100, 0
75683, 1480, 110, 0
75684, 2320, 190, 30
75686, 5300, 360, 80
75691, 1880, 220, 30
75692, 2180, 200, 20
75693, 2910, 390, 70
75701, 14230, 1030, 440
75702, 10550, 150, 40
75703, 18380, 2470, 1270
75704, 3620, 190, 40
75705, 930, 50, 0
75706, 3590, 180, 20
75707, 6490, 880, 290
75708, 2890, 90, 0
75709, 2410, 190, 80
75750, 1600, 190, 40
75751, 7080, 490, 170
75752, 2620, 270, 70
75754, 2390, 200, 40
75755, 2160, 170, 30
75756, 1610, 150, 20
75757, 4750, 790, 250
75758, 4120, 420, 70
75760, 1010, 70, 0
75762, 5760, 870, 240
75763, 2420, 220, 50
75765, 3070, 320, 60
75766, 10520, 600, 160
75770, 1070, 110, 30
75771, 8590, 1060, 240
75773, 4980, 390, 80
75778, 1210, 100, 0
75783, 3020, 250, 60
75784, 300, 0, 0
75785, 3700, 270, 50
75789, 3150, 350, 70
75790, 1970, 190, 20
75791, 5750, 780, 180
75792, 1470, 110, 0
75801, 6740, 440, 100
75803, 6030, 440, 80
75831, 2080, 220, 40
75833, 1460, 160, 60
75835, 4500, 260, 80
75838, 290, 50, 0
75839, 2080, 160, 20
75840, 3270, 410, 60
75844, 2110, 180, 40
75845, 1070, 80, 0
75846, 1030, 130, 0
75847, 570, 40, 0
75850, 210, 30, 0
75851, 980, 100, 0
75852, 730, 80, 0
75853, 420, 50, 0
75855, 980, 70, 0
75856, 110, 0, 0
75859, 770, 110, 40
75860, 2330, 250, 40
75861, 770, 60, 0
75862, 3870, 240, 40
75901, 11860, 760, 270
75904, 14080, 1040, 330
75925, 1440, 100, 0
75926, 430, 30, 0
75928, 480, 30, 0
75929, 560, 60, 0
75930, 640, 50, 0
75931, 940, 110, 30
75932, 540, 60, 0
75933, 590, 60, 0
75935, 5550, 310, 110
75936, 350, 40, 0
75937, 460, 40, 0
75938, 990, 100, 0
75939, 1590, 110, 0
75941, 3210, 210, 30
75943, 550, 50, 0
75944, 520, 50, 0
75946, 1370, 110, 0
75948, 2340, 230, 50
75949, 3200, 260, 40
75951, 6380, 460, 130
75954, 1290, 140, 30
75956, 2860, 320, 30
75959, 350, 50, 0
75960, 370, 30, 0
75961, 5530, 290, 100
75964, 7400, 390, 70
75965, 6880, 850, 240
75966, 1690, 140, 0
75968, 690, 80, 0
75969, 1500, 100, 20
75972, 2570, 130, 40
75973, 1010, 110, 0
75974, 1210, 110, 0
75975, 1400, 110, 0
75977, 250, 0, 0
75979, 3220, 250, 60
75980, 950, 80, 0
76001, 14360, 2190, 440
76002, 14680, 1760, 120
76006, 13410, 1000, 440
76008, 6750, 1760, 940
76009, 8480, 660, 90
76010, 21770, 280, 30
76011, 10950, 420, 120
76012, 12650, 1860, 590
76013, 14680, 1710, 410
76014, 15820, 410, 20
76015, 8420, 620, 110
76016, 15280, 2770, 890
76017, 22030, 2820, 630
76018, 12930, 910, 60
76020, 11870, 1500, 350
76021, 17850, 2980, 550
76022, 7150, 560, 80
76023, 2630, 280, 30
76028, 28530, 4580, 810
76031, 6670, 530, 80
76033, 11100, 1110, 240
76034, 11730, 2820, 3300
76035, 770, 140, 70
76036, 11030, 1360, 200
76039, 18290, 1940, 360
76040, 13920, 1120, 140
76041, 170, 0, 0
76043, 2980, 400, 90
76044, 1710, 230, 40
76048, 10050, 1060, 340
76049, 12310, 2230, 630
76050, 2630, 370, 70
76051, 23650, 4800, 1730
76052, 7740, 1870, 440
76053, 14160, 1070, 110
76054, 6200, 1490, 350
76055, 1160, 100, 0
76058, 7480, 730, 110
76059, 1950, 110, 20
76060, 3490, 560, 150
76061, 290, 40, 0
76063, 29310, 5830, 1620
76064, 840, 130, 20
76065, 14650, 3010, 590
76066, 1400, 140, 50
76067, 7900, 480, 90
76070, 190, 50, 0
76071, 1560, 210, 40
76073, 2320, 330, 50
76077, 260, 40, 0
76078, 3850, 530, 70
76082, 7760, 910, 110
76084, 3230, 240, 20
76085, 4660, 760, 160
76086, 9290, 770, 170
76087, 12220, 2650, 710
76088, 5060, 800, 170
76092, 12530, 2530, 4610
76093, 980, 90, 0
76102, 4030, 520, 400
76103, 6200, 270, 30
76104, 6960, 130, 40
76105, 8850, 50, 0
76106, 13590, 120, 20
76107, 14030, 1580, 1420
76108, 18250, 2070, 470
76109, 9630, 1560, 1630
76110, 12800, 810, 360
76111, 9230, 270, 40
76112, 18460, 840, 180
76114, 10890, 390, 110
76115, 8450, 110, 0
76116, 21750, 1900, 850
76117, 13930, 450, 50
76118, 7120, 820, 90
76119, 17800, 230, 0
76120, 8080, 460, 100
76123, 13840, 1760, 270
76126, 10530, 2000, 710
76127, 230, 0, 0
76131, 14630, 1970, 140
76132, 12460, 1360, 1090
76133, 22780, 1830, 250
76134, 11150, 520, 50
76135, 8930, 980, 180
76137, 26390, 3380, 360
76140, 12280, 590, 90
76148, 11370, 860, 60
76155, 2540, 150, 20
76164, 6790, 90, 20
76177, 4710, 950, 100
76179, 23690, 3650, 780
76180, 16400, 1660, 300
76182, 14390, 3070, 820
76201, 9230, 360, 70
76205, 8180, 730, 260
76207, 5860, 770, 180
76208, 9600, 1490, 320
76209, 11240, 710, 70
76210, 18020, 3390, 700
76225, 1400, 160, 50
76226, 9150, 2600, 1600
76227, 11820, 1710, 350
76228, 450, 60, 0
76230, 4170, 450, 110
76233, 1390, 160, 30
76234, 7100, 1040, 310
76238, 240, 50, 0
76239, 470, 60, 40
76240, 11090, 950, 240
76244, 28570, 6590, 950
76245, 750, 80, 0
76247, 6190, 1010, 140
76248, 16650, 4650, 2490
76249, 3760, 550, 60
76250, 620, 130, 30
76251, 320, 50, 0
76252, 1410, 190, 90
76255, 2220, 190, 70
76258, 2960, 360, 150
76259, 2060, 320, 80
76261, 100, 0, 0
76262, 15020, 3640, 1810
76264, 650, 80, 0
76265, 710, 60, 20
76266, 6390, 860, 160
76270, 830, 110, 30
76271, 680, 70, 20
76272, 2030, 260, 70
76273, 4030, 380, 90
76301, 6560, 140, 60
76302, 5150, 380, 100
76305, 2250, 210, 30
76306, 6430, 260, 0
76308, 9340, 1000, 500
76309, 5790, 490, 160
76310, 8360, 1080, 180
76311, 1080, 50, 0
76351, 860, 90, 20
76354, 5040, 430, 60
76357, 270, 40, 0
76360, 1280, 100, 20
76363, 110, 0, 0
76365, 2040, 210, 40
76366, 1010, 130, 30
76367, 4270, 420, 60
76371, 690, 60, 0
76372, 350, 30, 0
76374, 1660, 130, 40
76377, 330, 20, 0
76379, 230, 30, 0
76380, 1490, 110, 30
76384, 5050, 310, 80
76389, 560, 90, 0
76401, 10160, 890, 230
76424, 3350, 240, 80
76426, 4520, 550, 100
76427, 300, 40, 0
76430, 1140, 130, 70
76431, 1420, 140, 40
76432, 540, 40, 0
76433, 590, 90, 20
76435, 260, 0, 0
76436, 90, 0, 0
76437, 2150, 150, 40
76442, 2980, 190, 50
76443, 740, 60, 0
76444, 1400, 110, 0
76445, 150, 0, 0
76446, 3220, 170, 30
76448, 2330, 170, 50
76449, 980, 120, 50
76450, 5710, 560, 250
76453, 470, 60, 30
76454, 640, 30, 0
76455, 390, 30, 0
76457, 1490, 130, 30
76458, 2190, 240, 90
76460, 170, 20, 0
76462, 1250, 170, 60
76463, 200, 20, 0
76464, 190, 20, 0
76470, 1120, 70, 0
76471, 610, 50, 0
76472, 650, 90, 0
76474, 130, 0, 0
76475, 420, 40, 0
76476, 1090, 170, 30
76483, 460, 50, 0
76484, 390, 50, 0
76486, 520, 60, 0
76487, 1010, 100, 30
76491, 170, 20, 0
76501, 7110, 420, 80
76502, 16210, 2070, 630
76504, 9980, 380, 80
76511, 920, 70, 0
76513, 15490, 1810, 560
76518, 510, 40, 0
76519, 260, 30, 0
76520, 3270, 240, 40
76522, 15830, 1010, 80
76524, 1260, 110, 0
76525, 430, 20, 0
76527, 1790, 200, 20
76528, 6750, 490, 90
76530, 1160, 110, 20
76531, 2050, 140, 60
76534, 1080, 110, 30
76537, 2470, 180, 30
76538, 320, 40, 0
76539, 3570, 440, 40
76541, 7520, 160, 0
76542, 19400, 1350, 90
76543, 12400, 380, 50
76544, 8970, 110, 0
76548, 11790, 1470, 230
76549, 19310, 820, 70
76550, 5230, 440, 120
76554, 1000, 100, 0
76556, 620, 70, 0
76557, 2070, 170, 30
76559, 2090, 210, 40
76561, 430, 40, 0
76566, 130, 0, 0
76567, 3840, 330, 60
76569, 1180, 120, 0
76570, 1020, 90, 0
76571, 3300, 640, 230
76574, 8100, 660, 100
76577, 1320, 170, 0
76578, 750, 90, 0
76579, 1990, 170, 30
76621, 480, 70, 0
76622, 440, 40, 0
76624, 1090, 110, 0
76626, 650, 80, 0
76627, 610, 60, 0
76629, 860, 100, 0
76630, 730, 80, 0
76631, 200, 30, 0
76632, 680, 20, 0
76633, 2290, 380, 100
76634, 2890, 250, 70
76635, 490, 30, 0
76636, 630, 80, 0
76637, 230, 30, 0
76638, 1270, 230, 100
76639, 560, 40, 0
76640, 1340, 100, 0
76641, 640, 60, 0
76642, 2610, 250, 50
76643, 6640, 880, 90
76645, 4590, 280, 70
76648, 990, 90, 0
76649, 300, 40, 0
76651, 1270, 120, 0
76652, 400, 40, 0
76653, 450, 40, 0
76655, 3620, 610, 120
76656, 960, 80, 0
76657, 4290, 520, 300
76660, 220, 0, 0
76661, 2600, 70, 20
76664, 1270, 110, 0
76665, 970, 80, 20
76666, 110, 0, 0
76667, 4780, 270, 40
76670, 590, 40, 0
76671, 670, 60, 0
76673, 450, 40, 0
76676, 160, 0, 0
76679, 550, 50, 0
76681, 180, 0, 0
76682, 1230, 100, 0
76687, 590, 80, 0
76689, 1640, 160, 40
76690, 470, 40, 0
76691, 2850, 310, 40
76692, 4050, 380, 70
76693, 700, 80, 0
76701, 600, 40, 0
76704, 2830, 20, 0
76705, 11840, 460, 60
76706, 11850, 750, 100
76707, 6520, 80, 0
76708, 11060, 750, 180
76710, 11300, 770, 390
76711, 3870, 60, 0
76712, 11300, 1830, 590
76801, 9630, 590, 140
76802, 1990, 160, 20
76821, 2060, 140, 30
76823, 1190, 70, 0
76825, 2980, 180, 40
76827, 150, 30, 0
76832, 220, 30, 0
76834, 2270, 140, 40
76837, 560, 40, 0
76844, 1430, 110, 20
76849, 1710, 120, 40
76853, 610, 60, 0
76854, 120, 0, 0
76856, 1580, 120, 50
76857, 730, 70, 0
76858, 100, 0, 0
76859, 770, 80, 0
76861, 910, 90, 20
76864, 280, 30, 0
76866, 220, 20, 0
76870, 90, 0, 0
76871, 310, 30, 0
76872, 290, 30, 0
76875, 280, 40, 0
76877, 1680, 100, 30
76878, 660, 50, 0
76882, 110, 0, 0
76890, 380, 30, 0
76901, 12980, 1050, 260
76903, 13850, 500, 110
76904, 15030, 2070, 710
76905, 5070, 390, 60
76932, 1660, 220, 70
76933, 570, 70, 0
76934, 420, 30, 0
76935, 740, 140, 50
76936, 1180, 140, 30
76937, 120, 0, 0
76940, 110, 0, 0
76941, 680, 100, 40
76943, 1670, 180, 40
76945, 760, 80, 0
76950, 1800, 230, 70
76951, 580, 90, 40
76957, 180, 40, 20
77002, 4060, 650, 690
77003, 5010, 550, 170
77004, 13140, 1460, 760
77005, 11180, 1720, 4550
77006, 12050, 2030, 1550
77007, 19510, 4520, 3180
77008, 17260, 3660, 2490
77009, 17380, 1480, 830
77010, 470, 80, 220
77011, 7240, 110, 0
77012, 7620, 100, 0
77013, 6720, 210, 0
77014, 13680, 740, 70
77015, 22970, 1160, 130
77016, 12820, 180, 0
77017, 13200, 400, 30
77018, 12770, 2220, 1300
77019, 12100, 2080, 2510
77020, 10500, 190, 50
77021, 12100, 510, 220
77022, 11670, 180, 30
77023, 11790, 440, 90
77024, 17450, 2410, 5520
77025, 12150, 1950, 1840
77026, 9770, 110, 0
77027, 8390, 1330, 1640
77028, 7700, 120, 0
77029, 7680, 160, 30
77030, 5000, 830, 1020
77031, 6980, 450, 60
77032, 5070, 90, 40
77033, 12820, 140, 0
77034, 15430, 630, 40
77035, 15550, 1370, 390
77036, 26660, 710, 190
77037, 7660, 160, 0
77038, 11230, 230, 0
77039, 10890, 200, 30
77040, 22620, 2080, 780
77041, 16590, 1850, 1460
77042, 20520, 2000, 1690
77043, 11900, 1500, 680
77044, 15760, 2510, 820
77045, 14250, 320, 40
77046, 1150, 240, 240
77047, 12820, 700, 30
77048, 7330, 200, 0
77049, 13710, 1020, 100
77050, 1870, 50, 0
77051, 6940, 80, 0
77053, 13660, 310, 0
77054, 10240, 720, 180
77055, 17690, 1560, 1730
77056, 11120, 1930, 2840
77057, 19690, 2440, 2060
77058, 8720, 1150, 400
77059, 7900, 2150, 1530
77060, 15460, 170, 50
77061, 9890, 400, 70
77062, 12060, 2650, 860
77063, 16790, 1500, 840
77064, 22120, 2640, 650
77065, 17340, 2000, 500
77066, 15260, 1210, 230
77067, 13060, 340, 40
77068, 5120, 750, 330
77069, 9020, 1420, 1030
77070, 23680, 3560, 1030
77071, 12550, 880, 240
77072, 24880, 500, 90
77073, 17070, 800, 110
77074, 15630, 580, 120
77075, 16080, 710, 50
77076, 12660, 210, 30
77077, 27250, 4300, 2630
77078, 6420, 90, 0
77079, 15200, 2550, 3340
77080, 18540, 1140, 310
77081, 17830, 540, 250
77082, 25500, 1840, 900
77083, 32810, 1840, 250
77084, 45780, 4540, 990
77085, 7510, 250, 0
77086, 11760, 290, 30
77087, 15090, 330, 30
77088, 23610, 850, 90
77089, 23010, 2450, 290
77090, 16840, 680, 170
77091, 11060, 400, 60
77092, 15240, 870, 180
77093, 17820, 230, 0
77094, 4540, 1030, 1260
77095, 31860, 6290, 2010
77096, 15920, 2570, 1530
77098, 8130, 1440, 1290
77099, 20670, 520, 80
77301, 12050, 510, 110
77302, 7780, 980, 370
77303, 7340, 600, 80
77304, 11630, 1710, 700
77306, 4610, 240, 40
77316, 8520, 1780, 880
77318, 6750, 1060, 350
77320, 9220, 610, 130
77327, 7310, 610, 110
77328, 6270, 510, 80
77331, 2660, 270, 90
77335, 880, 60, 0
77336, 5870, 1070, 350
77338, 16750, 840, 120
77339, 18510, 3390, 1230
77340, 10010, 900, 190
77345, 12330, 3270, 2420
77346, 26120, 5650, 1580
77351, 11120, 890, 260
77354, 14580, 2750, 1320
77355, 11030, 1900, 960
77356, 12980, 2690, 1490
77357, 9290, 830, 190
77358, 2200, 210, 60
77359, 280, 30, 0
77360, 2220, 130, 30
77362, 2270, 300, 90
77363, 1360, 130, 30
77364, 980, 90, 20
77365, 13650, 1780, 510
77371, 2800, 220, 20
77372, 4820, 380, 50
77373, 26040, 2710, 360
77375, 19930, 2990, 910
77377, 15440, 3690, 1480
77378, 6860, 480, 120
77379, 34130, 7490, 3910
77380, 12130, 1720, 1370
77381, 16110, 3640, 3370
77382, 14700, 3550, 3830
77384, 7210, 1710, 750
77385, 9780, 1860, 450
77386, 20310, 4330, 1680
77388, 20390, 3890, 1080
77389, 12130, 2680, 1960
77396, 20360, 2030, 800
77401, 7910, 1240, 2980
77406, 17370, 4320, 2100
77407, 17480, 3530, 710
77414, 8910, 1150, 200
77417, 870, 70, 0
77418, 4380, 560, 260
77420, 1050, 130, 0
77422, 5690, 840, 130
77423, 4510, 440, 110
77426, 960, 120, 70
77429, 34950, 7470, 3690
77430, 990, 180, 40
77433, 29030, 6560, 2760
77434, 2010, 100, 30
77435, 2260, 360, 90
77437, 7680, 760, 210
77441, 4860, 1540, 1360
77442, 430, 60, 0
77444, 400, 60, 0
77445, 5240, 400, 150
77447, 5910, 720, 220
77449, 46030, 3890, 450
77450, 31230, 6320, 3990
77455, 890, 80, 30
77459, 29560, 7050, 3270
77461, 4690, 680, 110
77465, 3010, 280, 50
77469, 18140, 2500, 720
77471, 16560, 1200, 190
77474, 5980, 700, 210
77477, 15740, 1380, 250
77478, 12220, 2570, 1550
77479, 34810, 8930, 7000
77480, 3160, 540, 90
77482, 1030, 160, 0
77484, 5140, 630, 180
77485, 1480, 170, 30
77486, 3140, 500, 90
77488, 6030, 480, 110
77489, 18530, 1120, 90
77493, 12000, 1830, 560
77494, 35770, 11100, 7250
77498, 21640, 3120, 900
77502, 15240, 650, 50
77503, 10160, 550, 30
77504, 9660, 780, 140
77505, 10460, 1930, 440
77506, 13470, 250, 0
77510, 6510, 1190, 180
77511, 19620, 2530, 360
77514, 2270, 330, 60
77515, 11910, 1590, 280
77517, 2660, 530, 90
77518, 4100, 330, 60
77519, 440, 70, 0
77520, 16050, 1080, 160
77521, 23270, 3070, 490
77523, 8550, 2510, 480
77530, 12960, 690, 70
77531, 6810, 730, 80
77532, 12270, 2130, 330
77534, 1320, 250, 50
77535, 12090, 1760, 200
77536, 15390, 3010, 470
77538, 390, 50, 0
77539, 18430, 2560, 430
77541, 6850, 530, 70
77545, 10080, 840, 80
77546, 22890, 5160, 2470
77547, 4030, 130, 0
77550, 10490, 570, 210
77551, 9330, 640, 260
77554, 3820, 690, 380
77560, 480, 70, 0
77562, 4970, 630, 90
77563, 4370, 530, 100
77564, 660, 90, 0
77565, 3690, 640, 330
77566, 13770, 2860, 810
77568, 7190, 580, 60
77571, 16450, 2770, 320
77573, 35140, 8950, 2600
77575, 5860, 690, 120
77577, 570, 90, 0
77578, 7310, 1590, 500
77581, 20160, 4360, 1150
77583, 9560, 1290, 230
77584, 33730, 8330, 2610
77585, 340, 40, 0
77586, 10920, 2440, 970
77587, 6760, 190, 0
77590, 13320, 1120, 160
77591, 6630, 420, 40
77597, 350, 80, 0
77598, 11000, 760, 120
77611, 4260, 720, 70
77612, 3540, 510, 60
77616, 480, 80, 0
77619, 7290, 880, 80
77622, 730, 140, 0
77624, 350, 30, 0
77625, 3630, 420, 70
77627, 10690, 1690, 260
77630, 11200, 1360, 230
77632, 9050, 1610, 230
77640, 6850, 370, 50
77642, 15160, 840, 120
77651, 6040, 1150, 190
77655, 150, 20, 0
77656, 7040, 720, 110
77657, 8960, 1670, 310
77659, 2180, 430, 100
77660, 630, 70, 0
77662, 10430, 1130, 110
77664, 1090, 130, 0
77665, 2870, 360, 70
77701, 5600, 80, 30
77702, 1320, 90, 40
77703, 5580, 100, 0
77705, 11180, 980, 160
77706, 13360, 2140, 1030
77707, 7700, 810, 240
77708, 5400, 400, 40
77713, 5940, 910, 230
77801, 5030, 140, 30
77802, 11030, 1280, 380
77803, 11890, 220, 30
77807, 4020, 320, 110
77808, 5340, 850, 220
77830, 1260, 150, 50
77831, 1240, 100, 20
77833, 11750, 1150, 380
77835, 1150, 140, 50
77836, 4990, 510, 110
77837, 610, 30, 0
77840, 11750, 570, 200
77845, 22450, 4330, 1740
77853, 460, 50, 0
77856, 1960, 270, 70
77857, 360, 60, 0
77859, 3090, 190, 40
77861, 1040, 140, 50
77864, 3340, 220, 80
77865, 690, 100, 0
77868, 5800, 350, 110
77871, 1460, 220, 40
77872, 770, 90, 20
77873, 550, 80, 0
77879, 1970, 130, 40
77880, 840, 70, 40
77901, 18350, 1040, 190
77904, 12020, 2280, 700
77905, 6650, 1050, 210
77954, 4530, 430, 250
77957, 3700, 410, 70
77962, 1590, 180, 50
77963, 2410, 310, 70
77964, 3620, 490, 130
77968, 1260, 290, 80
77971, 390, 50, 0
77974, 220, 50, 0
77975, 850, 120, 40
77979, 7840, 830, 140
77983, 870, 90, 0
77984, 2010, 280, 170
77990, 320, 30, 0
77994, 190, 0, 60
77995, 4170, 410, 190
78002, 3030, 160, 0
78003, 4070, 390, 120
78004, 300, 70, 20
78005, 330, 40, 0
78006, 15300, 2910, 1600
78008, 130, 0, 20
78009, 3490, 470, 110
78010, 1420, 110, 50
78011, 870, 70, 30
78012, 200, 20, 0
78013, 2630, 280, 100
78014, 2050, 130, 100
78015, 5940, 1640, 1140
78016, 4190, 380, 70
78017, 1700, 70, 50
78022, 2190, 270, 90
78023, 12380, 3400, 1070
78024, 720, 120, 60
78025, 2250, 160, 50
78026, 2600, 270, 110
78027, 230, 50, 0
78028, 17130, 1670, 620
78039, 850, 80, 0
78040, 16120, 200, 60
78041, 20030, 1360, 500
78043, 17550, 550, 130
78045, 25950, 2780, 600
78046, 24730, 490, 0
78052, 3130, 270, 30
78055, 700, 70, 40
78056, 870, 240, 60
78057, 450, 60, 0
78058, 540, 40, 20
78059, 2190, 210, 0
78061, 4050, 220, 70
78063, 4000, 510, 100
78064, 6290, 810, 230
78065, 4390, 230, 30
78066, 310, 70, 0
78067, 310, 30, 0
78069, 2170, 110, 0
78070, 7140, 1440, 610
78071, 1590, 210, 80
78072, 340, 40, 60
78073, 3350, 160, 0
78076, 4650, 260, 60
78101, 3910, 570, 110
78102, 8020, 510, 120
78108, 15160, 2910, 210
78109, 19180, 1310, 60
78112, 3460, 120, 20
78113, 1100, 220, 140
78114, 8840, 1190, 220
78116, 140, 20, 30
78117, 290, 50, 40
78118, 1900, 130, 190
78119, 2250, 190, 100
78121, 5720, 1210, 260
78122, 150, 0, 0
78123, 1180, 110, 50
78124, 2730, 310, 50
78130, 31340, 3250, 680
78132, 11160, 2590, 1050
78133, 8080, 1030, 300
78140, 1440, 90, 40
78141, 310, 50, 30
78148, 9840, 1110, 130
78151, 630, 50, 40
78152, 1170, 210, 30
78154, 16520, 2810, 340
78155, 20250, 1700, 440
78159, 400, 50, 0
78160, 1810, 220, 40
78161, 390, 40, 0
78163, 4860, 1140, 400
78164, 1780, 240, 210
78201, 19350, 530, 80
78202, 4680, 80, 20
78203, 2480, 30, 0
78204, 5060, 170, 90
78205, 730, 50, 100
78207, 18900, 130, 40
78208, 1660, 30, 0
78209, 19090, 2970, 2670
78210, 15860, 380, 90
78211, 13200, 120, 0
78212, 12590, 810, 760
78213, 19520, 920, 320
78214, 9760, 140, 0
78215, 1270, 150, 40
78216, 19550, 1610, 650
78217, 16550, 960, 230
78218, 14900, 530, 210
78219, 6830, 190, 0
78220, 7530, 130, 0
78221, 15550, 350, 40
78222, 9010, 430, 40
78223, 22450, 800, 70
78224, 8130, 220, 0
78225, 5750, 70, 0
78226, 2790, 30, 0
78227, 20110, 360, 0
78228, 25750, 650, 80
78229, 13750, 590, 220
78230, 20550, 2550, 1300
78231, 4410, 800, 450
78232, 18150, 3230, 1000
78233, 21860, 1340, 90
78234, 2130, 200, 20
78235, 370, 20, 0
78236, 1220, 70, 0
78237, 15230, 100, 0
78238, 11580, 510, 40
78239, 13670, 1100, 140
78240, 25940, 2060, 300
78242, 12630, 140, 0
78244, 13980, 710, 30
78245, 31140, 1860, 110
78247, 24100, 3030, 280
78248, 6890, 1650, 1130
78249, 22860, 2930, 500
78250, 26190, 2280, 140
78251, 25310, 2410, 220
78252, 3490, 130, 0
78253, 18690, 3640, 380
78254, 22600, 3170, 300
78255, 5940, 1770, 750
78256, 3590, 770, 500
78257, 2690, 440, 610
78258, 19950, 4790, 2520
78259, 11660, 2760, 720
78260, 12490, 3550, 1410
78261, 8100, 2070, 750
78263, 2130, 320, 50
78264, 5100, 190, 30
78266, 3270, 890, 430
78330, 480, 70, 0
78332, 11060, 1000, 210
78336, 4620, 380, 90
78340, 240, 30, 0
78343, 1900, 190, 30
78344, 160, 0, 0
78349, 200, 0, 0
78353, 180, 0, 0
78355, 2920, 150, 30
78357, 1460, 140, 30
78361, 2070, 130, 30
78362, 4440, 470, 60
78363, 11360, 970, 130
78368, 3970, 280, 50
78369, 150, 0, 0
78370, 2190, 230, 50
78372, 2480, 350, 60
78373, 2080, 270, 140
78374, 8210, 1330, 290
78375, 1380, 80, 30
78376, 140, 0, 0
78377, 1730, 190, 50
78379, 740, 70, 30
78380, 9240, 740, 180
78382, 7480, 860, 250
78383, 1610, 260, 90
78384, 2490, 170, 20
78387, 4220, 320, 70
78389, 780, 60, 0
78390, 2620, 180, 60
78391, 150, 0, 0
78393, 1130, 140, 20
78401, 1540, 90, 80
78402, 270, 50, 0
78404, 6880, 370, 210
78405, 5910, 80, 0
78406, 400, 0, 0
78407, 1100, 20, 0
78408, 4770, 100, 0
78409, 1190, 90, 0
78410, 11420, 1770, 350
78411, 12690, 930, 360
78412, 16160, 1150, 370
78413, 17370, 2330, 610
78414, 15530, 2920, 680
78415, 17720, 660, 70
78416, 6520, 90, 0
78417, 1900, 50, 0
78418, 13550, 1720, 550
78501, 23300, 1150, 360
78503, 8430, 330, 220
78504, 20420, 2260, 820
78516, 11360, 270, 50
78520, 24260, 960, 230
78521, 35610, 830, 190
78526, 18570, 1100, 200
78536, 110, 0, 0
78537, 14480, 280, 30
78538, 3800, 100, 0
78539, 13130, 1350, 290
78541, 14150, 610, 90
78542, 20820, 770, 80
78550, 20280, 1200, 260
78552, 12630, 1040, 300
78557, 6250, 120, 30
78559, 4580, 200, 30
78560, 2020, 70, 0
78563, 290, 30, 0
78564, 110, 0, 0
78566, 6120, 340, 50
78569, 1600, 90, 0
78570, 11560, 230, 30
78572, 26960, 1590, 490
78573, 14070, 530, 200
78574, 18980, 810, 140
78575, 1980, 220, 110
78576, 3840, 100, 0
78577, 26930, 700, 100
78578, 4480, 280, 80
78580, 4260, 130, 20
78582, 13700, 480, 60
78583, 2390, 120, 20
78584, 7210, 180, 0
78586, 19270, 590, 80
78588, 170, 0, 0
78589, 15460, 450, 40
78591, 130, 0, 0
78593, 2120, 60, 0
78595, 2090, 20, 0
78596, 15050, 710, 180
78597, 1240, 160, 90
78598, 150, 0, 0
78602, 11290, 1190, 270
78605, 2180, 230, 50
78606, 2540, 280, 120
78608, 250, 20, 0
78609, 860, 110, 0
78610, 14000, 2240, 380
78611, 5730, 570, 170
78612, 5520, 500, 70
78613, 33040, 7390, 1930
78614, 220, 40, 0
78615, 580, 80, 0
78616, 3020, 160, 0
78617, 8640, 240, 40
78618, 140, 0, 0
78619, 1710, 450, 290
78620, 7310, 1630, 730
78621, 9620, 780, 120
78623, 570, 110, 0
78624, 10690, 1170, 560
78626, 11300, 1210, 220
78628, 12750, 2770, 1080
78629, 5250, 370, 220
78631, 1170, 100, 30
78632, 430, 60, 0
78633, 11610, 2960, 940
78634, 12400, 1300, 150
78636, 1750, 190, 70
78638, 890, 90, 30
78639, 3090, 250, 90
78640, 20660, 1750, 140
78641, 22230, 3650, 930
78642, 4870, 930, 260
78643, 2810, 240, 90
78644, 7450, 510, 90
78645, 5270, 890, 320
78648, 3240, 230, 80
78650, 670, 80, 0
78652, 2260, 370, 60
78653, 8110, 590, 70
78654, 8350, 800, 300
78655, 1260, 100, 20
78656, 1020, 50, 0
78657, 2780, 500, 330
78659, 1210, 120, 20
78660, 35940, 5220, 610
78662, 1070, 140, 0
78663, 320, 50, 20
78664, 25760, 2650, 610
78665, 17700, 3620, 750
78666, 26140, 1560, 360
78669, 4470, 900, 530
78671, 370, 40, 0
78672, 390, 30, 0
78676, 6470, 1060, 390
78681, 23120, 5630, 1540
78701, 4700, 960, 890
78702, 11270, 660, 190
78703, 10810, 1880, 2390
78704, 24680, 3040, 1540
78705, 5890, 330, 240
78717, 12350, 3370, 1120
78719, 770, 0, 0
78721, 5340, 110, 0
78722, 3450, 400, 100
78723, 14410, 1150, 240
78724, 8820, 160, 20
78725, 3290, 130, 0
78726, 6510, 1180, 710
78727, 14450, 2300, 450
78728, 11080, 1010, 110
78729, 14930, 2010, 330
78730, 4010, 810, 1140
78731, 13300, 2680, 2520
78732, 6030, 1860, 1670
78733, 3910, 860, 990
78734, 9870, 2090, 1380
78735, 7920, 1490, 1360
78736, 3920, 670, 280
78737, 6790, 2090, 930
78738, 7550, 1940, 2060
78739, 7430, 2690, 1420
78741, 21340, 580, 90
78742, 350, 0, 0
78744, 19280, 310, 40
78745, 30820, 2180, 300
78746, 13320, 2500, 4010
78747, 8280, 750, 170
78748, 23420, 3060, 420
78749, 17260, 3830, 790
78750, 13470, 2690, 1450
78751, 7350, 740, 310
78752, 8300, 300, 40
78753, 23320, 890, 100
78754, 9240, 780, 80
78756, 4400, 680, 410
78757, 11530, 1930, 460
78758, 22060, 1220, 180
78759, 21880, 3940, 1940
78801, 8330, 480, 120
78827, 590, 20, 0
78828, 110, 0, 0
78829, 440, 0, 0
78830, 270, 0, 0
78832, 1230, 140, 0
78833, 530, 50, 0
78834, 3430, 220, 70
78838, 250, 40, 0
78839, 3530, 90, 30
78840, 18750, 1230, 160
78843, 100, 0, 0
78850, 540, 70, 0
78852, 19530, 730, 120
78861, 5190, 430, 130
78870, 370, 50, 0
78873, 770, 60, 20
78877, 340, 30, 0
78879, 120, 0, 0
78880, 640, 50, 0
78881, 980, 50, 20
78883, 130, 20, 0
78884, 520, 60, 0
78886, 270, 30, 0
78931, 130, 0, 0
78932, 350, 60, 0
78933, 670, 110, 60
78934, 3200, 320, 100
78935, 420, 80, 0
78938, 170, 0, 0
78940, 900, 110, 30
78941, 1300, 140, 60
78942, 4110, 390, 110
78943, 150, 0, 0
78944, 330, 50, 0
78945, 4620, 570, 180
78946, 460, 60, 0
78947, 1930, 250, 40
78948, 410, 60, 0
78949, 210, 40, 0
78950, 920, 140, 60
78953, 480, 80, 0
78954, 530, 90, 40
78956, 2490, 240, 80
78957, 3950, 410, 80
78959, 850, 60, 0
78962, 2080, 250, 70
78963, 380, 60, 0
79001, 100, 0, 0
79005, 710, 80, 40
79007, 5760, 720, 130
79009, 860, 30, 0
79010, 220, 0, 0
79011, 110, 20, 30
79012, 600, 190, 30
79013, 1460, 0, 0
79014, 1830, 270, 140
79015, 8040, 1220, 290
79018, 170, 0, 0
79019, 750, 100, 20
79022, 4220, 330, 130
79024, 190, 30, 0
79027, 1870, 80, 40
79029, 7040, 610, 130
79031, 500, 40, 0
79034, 290, 50, 0
79035, 2220, 130, 20
79036, 2030, 340, 30
79039, 340, 60, 0
79040, 700, 80, 40
79041, 1180, 70, 0
79042, 470, 50, 0
79043, 530, 30, 0
79044, 290, 30, 0
79045, 7830, 340, 100
79046, 260, 40, 0
79052, 510, 50, 0
79057, 470, 50, 0
79059, 340, 50, 20
79061, 160, 30, 0
79062, 110, 0, 0
79063, 310, 60, 0
79064, 1010, 60, 0
79065, 8080, 840, 200
79068, 1340, 220, 30
79070, 4420, 540, 200
79072, 9900, 560, 150
79079, 1140, 100, 30
79080, 220, 30, 0
79081, 1600, 180, 70
79082, 120, 0, 0
79083, 980, 140, 20
79084, 960, 70, 30
79086, 890, 130, 0
79087, 280, 20, 0
79088, 2010, 120, 40
79092, 500, 70, 0
79095, 1090, 90, 20
79096, 1020, 110, 60
79097, 510, 90, 0
79098, 200, 30, 0
79101, 1190, 50, 30
79102, 4440, 220, 50
79103, 4650, 140, 0
79104, 2940, 30, 0
79106, 12150, 820, 220
79107, 13450, 130, 0
79108, 5200, 410, 40
79109, 20660, 2440, 580
79110, 8630, 540, 40
79111, 560, 0, 0
79118, 9630, 1150, 210
79119, 6500, 1560, 590
79121, 3080, 640, 240
79124, 3780, 800, 390
79201, 2430, 170, 40
79225, 430, 40, 0
79226, 1230, 80, 20
79227, 550, 50, 0
79229, 150, 0, 0
79235, 1430, 110, 30
79237, 180, 0, 0
79241, 970, 100, 0
79244, 290, 30, 0
79245, 940, 70, 0
79248, 610, 30, 0
79250, 560, 50, 0
79252, 1200, 100, 0
79255, 180, 0, 0
79256, 110, 0, 0
79257, 400, 40, 0
79261, 170, 0, 0
79311, 1430, 110, 30
79312, 390, 0, 0
79313, 630, 50, 0
79316, 4250, 300, 60
79322, 780, 60, 0
79323, 2790, 430, 80
79325, 870, 90, 0
79329, 1440, 170, 40
79331, 4650, 390, 150
79336, 6830, 780, 190
79339, 2850, 160, 30
79342, 150, 30, 0
79343, 590, 50, 0
79345, 410, 40, 0
79346, 900, 70, 0
79347, 2820, 150, 30
79350, 300, 20, 0
79351, 510, 40, 30
79355, 800, 100, 20
79356, 1860, 130, 50
79357, 910, 70, 0
79358, 530, 90, 0
79359, 1160, 90, 20
79360, 5590, 620, 140
79363, 2460, 320, 70
79364, 3390, 210, 40
79366, 490, 120, 60
79367, 330, 30, 0
79370, 590, 60, 0
79371, 550, 60, 0
79372, 650, 110, 0
79373, 1320, 120, 20
79377, 120, 0, 0
79379, 270, 0, 0
79381, 500, 70, 0
79382, 3160, 440, 120
79401, 2010, 50, 30
79403, 6690, 150, 30
79404, 4200, 90, 0
79407, 8380, 580, 320
79410, 3290, 230, 100
79411, 3010, 70, 0
79412, 6510, 150, 20
79413, 9470, 840, 170
79414, 7950, 280, 40
79415, 6640, 170, 40
79416, 14120, 1210, 370
79423, 16110, 1880, 650
79424, 20430, 4040, 1410
79501, 1380, 120, 0
79502, 540, 40, 0
79504, 1130, 130, 0
79506, 280, 40, 0
79508, 580, 60, 20
79510, 3350, 240, 40
79511, 650, 120, 20
79512, 2460, 250, 50
79520, 950, 80, 0
79521, 1440, 110, 20
79525, 1220, 110, 0
79526, 450, 90, 0
79527, 210, 40, 0
79528, 250, 30, 0
79529, 550, 40, 0
79530, 250, 20, 0
79532, 390, 40, 0
79533, 180, 0, 0
79536, 2100, 180, 30
79538, 110, 0, 0
79541, 330, 60, 0
79543, 490, 70, 0
79544, 170, 0, 0
79545, 810, 90, 0
79546, 750, 70, 20
79547, 280, 20, 0
79549, 5800, 690, 170
79553, 1350, 90, 20
79556, 5450, 360, 120
79561, 300, 40, 0
79562, 1900, 370, 90
79563, 570, 30, 0
79565, 160, 0, 0
79566, 110, 0, 0
79567, 1400, 80, 20
79601, 7680, 510, 100
79602, 9790, 1150, 340
79603, 10220, 270, 20
79605, 13610, 780, 240
79606, 11170, 1390, 430
79607, 1170, 30, 0
79701, 13500, 1000, 460
79703, 10000, 1220, 140
79705, 16360, 2870, 1530
79706, 9850, 1570, 410
79707, 16160, 3280, 2040
79713, 270, 40, 30
79714, 7290, 1170, 330
79718, 270, 0, 0
79720, 11960, 1150, 320
79731, 1990, 270, 30
79734, 920, 90, 30
79735, 4970, 400, 80
79738, 140, 30, 0
79739, 500, 90, 80
79741, 190, 30, 0
79745, 2730, 350, 50
79749, 140, 40, 0
79752, 970, 120, 30
79755, 110, 20, 0
79756, 4350, 570, 140
79758, 1330, 240, 70
79761, 14050, 1230, 260
79762, 18210, 2340, 710
79763, 15320, 1190, 130
79764, 9960, 880, 140
79765, 5290, 1210, 510
79766, 2760, 260, 40
79772, 4410, 290, 70
79782, 1990, 270, 120
79783, 100, 40, 0
79821, 2050, 70, 0
79830, 2420, 250, 40
79835, 5170, 150, 30
79836, 2620, 110, 0
79839, 660, 0, 0
79843, 1120, 90, 0
79849, 5200, 50, 0
79852, 390, 30, 0
79901, 5580, 30, 30
79902, 9290, 670, 320
79903, 7830, 170, 30
79904, 13050, 480, 80
79905, 10040, 80, 0
79906, 2180, 100, 0
79907, 23660, 340, 30
79908, 820, 30, 0
79911, 1630, 390, 60
79912, 33550, 4330, 1670
79915, 16000, 220, 30
79922, 3730, 500, 460
79924, 25330, 870, 40
79925, 18020, 1100, 180
79927, 15990, 280, 0
79928, 21450, 1170, 110
79930, 11220, 250, 50
79932, 11310, 1210, 400
79934, 9800, 920, 70
79935, 7660, 530, 70
79936, 48870, 3130, 440
79938, 26870, 1840, 140
