71601,5820,150,0
71602,7000,650,100
71603,13320,950,170
71631,250,0,0
71635,4970,350,70
71638,1190,60,0
71639,2560,130,40
71640,1070,60,0
71642,230,0,0
71643,470,20,0
71644,360,30,0
71646,2460,190,30
71647,650,40,0
71652,430,30,0
71653,2020,180,50
71654,1710,140,30
71655,5240,430,70
71658,250,0,0
71660,330,20,0
71661,110,0,0
71663,300,50,0
71665,2230,210,20
71667,2940,210,20
71670,530,50,0
71671,3370,170,30
71674,250,20,0
71675,720,60,0
71676,250,0,0
71701,7350,520,90
71720,990,60,0
71725,240,0,0
71726,460,0,0
71730,13160,1180,420
71740,650,60,0
71742,2030,90,30
71743,1540,60,0
71744,1180,100,0
71747,380,0,0
71749,1030,100,0
71751,320,30,0
71752,340,0,0
71753,5630,540,120
71758,170,0,0
71762,1050,100,40
71763,620,50,0
71764,710,50,0
71765,890,60,0
71766,240,20,0
71770,1240,90,0
71801,5720,240,40
71822,3230,230,20
71825,240,0,0
71826,430,40,0
71827,280,0,0
71832,3960,160,30
71833,820,50,0
71834,430,40,0
71835,530,30,0
71836,1080,70,0
71837,1860,120,0
71838,380,0,0
71841,300,0,0
71842,830,50,0
71845,800,50,0
71846,980,60,0
71847,240,0,0
71851,870,30,0
71852,3980,220,50
71853,180,0,0
71854,14820,1070,210
71855,260,0,0
71857,2300,120,0
71858,560,20,0
71859,130,0,0
71860,920,60,0
71861,790,80,0
71862,300,0,0
71866,240,20,0
71901,11580,870,310
71909,8210,1190,200
71913,19380,1500,420
71921,1130,50,0
71923,5680,470,80
71929,1870,140,0
71933,550,30,0
71935,260,0,0
71937,670,30,0
71940,560,30,0
71941,740,40,0
71943,1650,110,0
71944,260,0,0
71945,490,20,0
71949,710,30,0
71950,340,0,0
71953,5500,270,80
71956,760,20,0
71957,1190,90,0
71958,960,60,0
71959,240,0,0
71960,430,0,0
71961,340,0,0
71962,290,0,0
71964,1600,130,0
71965,130,0,0
71968,1820,150,30
71969,100,0,0
71970,220,0,0
71971,170,0,0
71972,140,0,0
71973,520,0,0
72001,180,0,0
72002,6730,710,120
72003,310,40,0
72004,500,0,0
72006,980,40,0
72007,3300,390,40
72010,2330,190,40
72011,1870,180,0
72012,5160,470,60
72013,770,90,20
72015,11050,990,90
72016,1260,120,0
72017,240,0,0
72019,10700,1770,360
72020,1380,80,0
72021,1690,90,30
72022,7160,930,100
72023,14820,1980,260
72024,1460,120,40
72025,290,20,0
72026,140,0,0
72027,560,70,0
72029,730,40,0
72030,250,30,0
72031,2840,190,50
72032,13080,930,170
72034,19160,2540,620
72036,290,0,0
72039,890,100,0
72040,1040,90,0
72041,560,50,0
72042,2120,140,60
72044,340,40,0
72045,450,50,0
72046,1700,130,40
72047,400,40,0
72051,260,0,0
72055,350,40,0
72057,400,40,0
72058,6690,840,130
72060,260,20,0
72061,190,20,0
72063,620,50,0
72064,1020,90,0
72065,2150,270,30
72067,1110,80,20
72068,210,0,0
72069,510,40,0
72070,690,50,0
72072,210,0,0
72073,540,30,0
72076,16230,850,70
72079,340,20,0
72080,260,0,0
72081,2920,180,0
72082,660,0,0
72084,430,20,0
72086,4520,360,50
72087,650,50,0
72088,910,100,0
72101,1290,90,20
72102,1030,60,0
72103,5730,310,30
72104,8700,540,70
72106,2240,190,40
72110,4580,360,90
72111,470,50,0
72112,3490,220,70
72113,10990,2140,450
72114,4280,80,0
72116,10480,1580,400
72117,5810,190,0
72118,9720,500,70
72120,15120,2010,270
72121,1050,80,0
72122,550,80,30
72125,320,20,0
72126,1500,130,0
72127,910,80,0
72128,340,20,0
72129,580,50,0
72130,170,0,0
72131,1810,140,40
72132,1450,160,0
72134,190,0,0
72135,1270,190,110
72136,680,60,0
72137,980,80,0
72140,140,0,0
72141,180,0,0
72142,1110,140,40
72143,12800,1240,320
72150,4930,540,60
72152,180,0,0
72153,900,50,0
72156,280,30,0
72157,590,50,0
72160,4630,330,140
72166,90,0,0
72167,670,30,0
72168,140,0,0
72173,3660,450,40
72175,130,0,0
72176,3450,210,20
72179,180,0,0
72181,160,0,0
72201,640,70,60
72202,4560,230,130
72204,13320,380,40
72205,11360,1110,370
72206,9790,480,70
72207,5440,910,850
72209,13520,210,0
72210,7010,810,120
72211,10690,1680,610
72212,6020,1350,890
72223,10060,2050,1670
72227,5550,820,360
72301,10170,380,120
72315,8700,630,100
72324,780,40,0
72326,940,50,0
72327,600,40,0
72330,240,0,0
72331,1060,40,0
72333,310,30,0
72335,5230,210,50
72342,1770,100,50
72346,260,0,0
72347,290,0,0
72348,880,50,0
72350,340,0,0
72354,860,50,0
72355,940,70,0
72358,520,0,0
72360,2240,90,40
72364,7040,790,150
72365,1130,60,0
72366,800,70,0
72368,430,60,0
72370,3370,120,40
72372,750,50,0
72373,480,0,0
72374,300,30,0
72376,720,60,0
72384,350,0,0
72386,670,50,0
72390,3270,100,0
72392,180,0,0
72394,210,0,0
72395,450,50,0
72396,5400,400,80
72401,20710,1420,490
72404,10570,1350,530
72410,170,0,0
72411,920,40,0
72412,230,20,0
72413,180,0,0
72414,140,0,0
72415,490,20,0
72416,2260,110,20
72417,1730,100,0
72419,580,30,0
72421,230,0,0
72422,1770,100,30
72425,160,0,0
72429,150,20,0
72430,160,0,0
72432,2270,130,20
72433,990,30,0
72434,740,40,0
72435,180,0,0
72436,390,0,0
72437,1280,90,0
72438,920,70,0
72440,120,0,0
72442,1780,190,0
72443,1070,50,0
72444,610,30,0
72447,720,70,0
72450,14160,920,200
72454,1900,110,0
72455,4750,270,70
72456,200,0,0
72458,260,0,0
72459,420,0,0
72460,250,0,0
72461,1350,100,0
72466,440,20,0
72469,350,0,0
72470,130,0,0
72471,370,20,0
72472,3340,130,20
72473,980,60,0
72476,2500,160,30
72478,130,0,0
72479,510,40,30
72482,350,0,0
72501,9350,650,170
72512,750,40,0
72513,1030,70,0
72517,130,0,0
72519,950,70,0
72520,100,0,0
72521,1700,90,0
72522,160,0,0
72523,370,0,0
72524,160,0,0
72527,280,0,0
72529,1480,50,20
72530,680,50,0
72531,270,0,0
72532,540,20,0
72533,130,0,0
72534,470,40,0
72536,190,0,0
72537,300,0,0
72538,160,0,0
72539,150,0,0
72542,1360,70,0
72543,5360,410,120
72544,250,0,0
72550,320,20,0
72554,1040,50,0
72556,1320,80,30
72560,3270,170,30
72561,340,0,0
72562,820,70,0
72564,180,0,0
72565,280,0,0
72566,190,0,0
72567,120,0,0
72568,710,40,0
72569,160,0,0
72571,150,0,0
72573,130,0,0
72576,1390,80,0
72577,240,0,0
72579,530,40,0
72581,430,50,0
72583,570,30,0
72584,190,0,0
72601,11200,700,160
72611,670,40,0
72616,4310,190,40
72619,780,40,0
72623,250,20,0
72624,180,0,0
72626,520,50,0
72628,240,0,0
72629,210,0,0
72631,1810,140,40
72632,2130,120,40
72633,590,30,0
72634,1920,110,0
72635,1420,70,0
72638,2840,140,0
72639,160,0,0
72640,130,0,0
72641,920,40,0
72642,890,70,0
72644,870,40,0
72645,590,20,0
72648,280,0,0
72650,1660,50,0
72651,490,20,0
72653,11430,710,240
72655,150,0,0
72658,640,40,0
72660,190,0,0
72661,230,0,0
72662,1160,70,0
72663,100,0,0
72666,110,0,0
72668,160,0,0
72675,470,0,0
72679,210,0,0
72680,280,0,0
72682,240,0,0
72683,110,0,0
72685,520,20,0
72687,2270,110,20
72701,14250,1510,640
72703,13360,1500,820
72704,10350,1280,350
72712,20870,3650,1890
72714,5570,1020,190
72715,7370,1020,250
72717,290,0,0
72718,990,240,70
72719,4270,550,110
72721,130,0,0
72722,1230,80,0
72727,2200,160,20
72730,3760,460,50
72732,1710,160,50
72734,2940,180,30
72736,2420,240,60
72738,940,70,20
72739,200,20,0
72740,3720,180,30
72742,240,0,0
72744,1890,100,0
72745,5010,450,100
72751,2780,220,40
72752,130,0,0
72753,3340,300,50
72756,16700,1390,440
72758,15800,2280,1530
72760,120,0,0
72761,8710,550,150
72762,15180,1820,640
72764,21290,1080,420
72768,410,30,0
72769,330,0,0
72773,400,30,0
72774,2630,210,30
72776,190,0,0
72801,6380,360,60
72802,8680,990,270
72821,620,30,0
72823,2470,130,20
72824,580,0,0
72830,5810,290,50
72832,330,0,0
72833,1830,100,0
72834,3850,240,40
72835,320,0,0
72837,3090,250,40
72840,740,40,0
72842,510,30,0
72843,800,50,0
72845,470,40,0
72846,1440,90,0
72847,1050,100,0
72851,320,0,0
72853,750,30,0
72854,210,0,0
72855,2380,140,30
72856,150,0,0
72857,460,20,0
72858,1370,110,0
72860,150,0,0
72863,670,60,0
72865,490,30,0
72901,8140,310,90
72903,10960,1090,480
72904,8290,120,0
72908,5800,570,170
72916,3660,610,230
72921,5270,510,70
72923,1980,90,0
72926,200,0,0
72927,3070,160,20
72928,260,0,0
72930,180,0,0
72932,610,30,0
72933,1890,170,30
72934,270,0,0
72936,5810,610,110
72937,1440,100,0
72938,420,30,0
72940,920,70,0
72941,2090,190,20
72943,920,50,0
72944,1070,70,0
72946,1280,80,0
72947,1500,80,0
72948,190,0,0
72949,3800,250,40
72950,120,0,0
72951,390,30,0
72952,950,80,0
72955,190,0,0
72956,13020,910,150
72958,2740,110,0
72959,1060,60,0
