71601,5360,150,0
71602,6620,640,100
71603,12320,930,170
71631,220,0,0
71635,4590,400,40
71638,1030,60,0
71639,2330,130,30
71640,950,50,0
71642,230,20,0
71643,420,0,0
71644,290,20,0
71646,2360,220,30
71647,600,40,0
71652,400,20,0
71653,1910,180,60
71654,1750,150,40
71655,5220,470,90
71658,210,0,0
71660,330,50,0
71661,100,0,0
71663,260,50,0
71665,2150,250,30
71667,2740,270,0
71670,470,40,0
71671,3290,190,30
71674,230,20,0
71675,730,80,0
71676,190,0,0
71701,7230,550,90
71720,950,80,0
71725,200,0,0
71726,420,0,0
71730,12740,1300,380
71740,610,70,0
71742,1970,100,20
71743,1520,80,0
71744,1190,120,0
71747,350,20,0
71749,1010,120,0
71751,310,30,0
71752,330,20,0
71753,5520,580,130
71758,160,20,0
71762,1000,120,30
71763,570,50,0
71764,650,50,0
71765,820,60,0
71766,240,0,0
71770,1220,90,0
71801,5640,300,40
71822,3220,320,40
71825,240,0,0
71826,390,30,0
71827,280,0,0
71832,3930,220,30
71833,810,60,0
71834,480,50,0
71835,490,40,0
71836,1050,90,0
71837,1880,170,0
71838,380,0,0
71841,280,0,0
71842,770,60,0
71845,740,40,0
71846,930,70,0
71847,230,20,0
71851,840,40,0
71852,3960,280,50
71853,180,0,0
71854,14460,1180,260
71855,240,0,0
71857,2220,130,0
71858,570,30,0
71859,130,0,0
71860,850,60,0
71861,780,100,0
71862,280,20,0
71866,240,30,0
71901,11280,970,360
71909,8550,1360,230
71913,19220,1730,510
71921,1110,70,0
71923,5620,530,90
71929,1910,150,20
71933,550,50,0
71935,210,0,0
71937,660,30,0
71940,560,30,0
71941,700,50,0
71943,1700,80,20
71944,240,0,0
71945,490,30,0
71949,710,50,0
71950,320,20,0
71953,5340,330,70
71956,700,30,0
71957,1220,100,0
71958,950,90,0
71959,240,0,0
71960,470,0,0
71961,320,0,0
71962,280,20,0
71964,1590,150,0
71965,120,0,0
71968,1820,170,40
71969,110,0,0
71970,220,0,0
71971,160,0,0
71972,150,0,0
71973,490,20,0
72001,170,0,0
72002,6980,890,180
72003,300,40,0
72004,450,0,0
72006,870,40,0
72007,3580,490,60
72010,2220,190,20
72011,1920,200,20
72012,5150,520,80
72013,750,70,0
72015,11110,1210,110
72016,1180,120,30
72017,230,0,0
72019,11380,2120,470
72020,1340,90,0
72021,1570,90,0
72022,7400,1040,150
72023,15000,2170,320
72024,1410,150,40
72025,320,20,0
72026,120,0,0
72027,520,50,0
72029,680,30,0
72030,250,0,0
72031,2760,160,40
72032,13190,1080,190
72034,19420,2750,740
72036,270,0,0
72039,840,70,0
72040,1040,80,0
72041,520,40,0
72042,1950,120,50
72044,360,40,0
72045,440,60,0
72046,1630,130,20
72047,390,30,0
72051,190,0,0
72055,340,30,0
72057,420,60,0
72058,6880,1010,140
72060,250,0,0
72061,200,20,0
72063,590,50,0
72064,980,100,0
72065,2170,320,30
72067,1050,100,0
72068,190,0,0
72069,510,20,0
72070,630,40,0
72072,180,0,0
72073,490,30,0
72076,15670,950,100
72079,320,20,0
72080,230,0,0
72081,2750,160,20
72082,640,0,0
72084,420,30,0
72086,4350,390,50
72087,590,80,0
72088,910,100,0
72101,1300,120,0
72102,1020,70,0
72103,5560,330,30
72104,8540,620,80
72106,2260,220,40
72110,4500,380,90
72111,530,50,0
72112,3340,250,70
72113,11600,2230,520
72114,4090,80,30
72116,10210,1620,470
72117,5670,210,0
72118,9500,530,80
72120,15290,2160,380
72121,1010,90,0
72122,520,80,40
72125,320,0,0
72126,1430,150,0
72127,880,80,0
72128,330,30,0
72129,560,60,0
72130,160,0,0
72131,1820,150,30
72132,1420,190,0
72134,160,0,0
72135,1220,230,110
72136,660,60,0
72137,990,60,0
72140,120,0,0
72141,160,0,0
72142,1080,160,40
72143,12630,1310,330
72150,4960,670,80
72152,160,0,0
72153,840,60,0
72156,240,30,0
72157,570,50,0
72160,4340,350,130
72166,100,0,0
72167,690,40,0
72168,150,0,0
72173,3770,520,60
72175,140,0,0
72176,3590,270,30
72179,210,0,0
72181,130,0,0
72201,520,70,60
72202,4480,300,180
72204,12380,380,50
72205,10630,1210,420
72206,9250,570,80
72207,5430,920,970
72209,12350,210,0
72210,7000,840,170
72211,10740,1800,700
72212,5820,1320,970
72223,11000,2220,1970
72227,5440,830,410
72301,9880,420,110
72315,7860,640,90
72324,770,50,0
72326,890,70,0
72327,620,70,0
72330,190,0,0
72331,900,30,0
72333,300,20,0
72335,4970,190,50
72342,1490,100,30
72346,190,0,0
72347,250,0,0
72348,830,50,0
72350,320,0,0
72354,860,60,0
72355,860,70,0
72358,450,0,0
72360,2060,80,30
72364,6870,890,180
72365,1060,70,0
72366,740,60,0
72368,380,50,0
72370,2920,150,40
72372,690,50,0
72373,450,0,0
72374,260,20,0
72376,670,60,0
72384,320,0,0
72386,620,50,0
72390,3070,100,20
72392,170,0,0
72394,200,0,0
72395,420,50,0
72396,5350,470,80
72401,21100,1720,520
72404,11420,1580,640
72410,180,0,0
72411,870,50,0
72412,230,20,0
72413,200,0,0
72414,150,0,0
72415,520,30,0
72416,2210,180,0
72417,1960,170,0
72419,550,30,0
72421,190,0,0
72422,1690,90,20
72425,160,0,0
72429,140,0,0
72430,160,0,0
72432,2300,130,30
72433,950,40,0
72434,770,40,0
72435,150,0,0
72436,390,30,0
72437,1300,100,0
72438,880,70,0
72440,140,0,0
72442,1770,200,30
72443,1080,60,0
72444,610,30,0
72447,700,70,0
72450,14650,1140,220
72454,1860,120,20
72455,4970,330,60
72456,180,0,0
72458,240,0,0
72459,430,0,0
72460,250,0,0
72461,1330,100,0
72466,440,30,0
72469,370,0,0
72470,100,0,0
72471,350,0,0
72472,3430,170,30
72473,920,70,0
72476,2510,160,30
72478,120,0,0
72479,490,50,0
72482,370,0,0
72501,9430,770,220
72512,760,40,0
72513,1010,70,0
72517,120,0,0
72519,950,70,0
72521,1740,110,0
72522,160,0,0
72523,340,0,0
72524,150,0,0
72527,260,0,0
72529,1530,90,0
72530,670,60,0
72531,270,20,0
72532,540,30,0
72533,110,0,0
72534,470,40,0
72536,170,0,0
72537,310,30,0
72538,150,0,0
72539,170,0,0
72542,1380,80,0
72543,5060,440,120
72544,250,20,0
72550,330,20,0
72554,1000,50,0
72556,1390,130,20
72560,3310,180,40
72561,310,20,0
72562,800,70,0
72564,160,0,0
72565,290,0,0
72566,190,0,0
72567,120,0,0
72568,650,40,0
72569,160,0,0
72571,140,0,0
72573,110,0,0
72576,1380,90,0
72577,230,0,0
72579,570,50,0
72581,420,50,0
72583,560,40,0
72584,180,0,0
72601,11390,870,190
72611,660,50,0
72616,4320,210,60
72619,780,60,0
72623,240,20,0
72624,170,0,0
72626,460,50,0
72628,240,0,0
72629,220,0,0
72631,1780,180,30
72632,2050,140,50
72633,600,30,0
72634,1910,100,20
72635,1450,90,0
72638,2840,130,20
72639,160,0,0
72640,140,0,0
72641,890,60,0
72642,790,80,0
72644,920,50,0
72645,570,20,0
72648,270,0,0
72650,1570,70,0
72651,480,30,0
72653,11610,830,270
72655,160,0,0
72658,630,60,0
72660,190,0,0
72661,220,0,0
72662,1200,100,0
72663,110,0,0
72666,110,0,0
72668,150,0,0
72675,500,20,0
72679,270,0,0
72680,290,0,0
72682,230,0,0
72683,110,0,0
72685,500,30,0
72687,2180,140,0
72701,15090,1700,810
72703,14430,1690,1090
72704,11530,1580,460
72712,23050,4450,2390
72714,5870,1050,230
72715,7860,1210,310
72717,310,20,0
72718,1560,500,190
72719,5490,770,270
72721,140,0,0
72722,1190,90,0
72727,2350,190,30
72729,110,0,0
72730,3990,530,120
72732,1860,220,70
72734,3190,270,50
72736,2570,300,80
72738,980,90,20
72739,230,20,0
72740,3870,230,30
72742,210,0,0
72744,2000,100,30
72745,5450,620,130
72751,3110,320,60
72752,120,0,0
72753,3800,430,70
72756,17560,1550,550
72758,17560,2660,1830
72760,120,0,0
72761,9100,750,170
72762,16940,2210,820
72764,22860,1320,490
72768,430,30,0
72769,380,30,0
72773,470,40,0
72774,2730,270,50
72776,190,0,0
72801,6240,390,90
72802,8840,1180,340
72821,590,40,0
72823,2410,180,0
72824,580,20,0
72830,5900,340,70
72832,310,0,0
72833,1790,80,20
72834,3970,250,50
72835,310,30,0
72837,3120,330,60
72840,760,30,0
72842,470,30,0
72843,810,70,0
72845,460,50,0
72846,1450,110,30
72847,1030,100,20
72851,270,20,0
72853,690,30,0
72854,230,0,0
72855,2410,120,30
72856,150,0,0
72857,440,20,0
72858,1430,130,20
72860,140,0,0
72863,680,60,0
72865,480,40,0
72901,7940,330,110
72903,10700,1110,520
72904,8560,150,0
72908,6020,610,200
72916,3970,710,280
72921,5510,530,100
72923,1940,100,0
72926,160,0,0
72927,3080,200,0
72928,270,20,0
72930,190,0,0
72932,600,50,0
72933,1900,200,40
72934,290,0,0
72936,6040,720,120
72937,1410,100,20
72938,420,30,0
72940,870,70,0
72941,2100,210,30
72943,910,50,0
72944,1030,90,0
72946,1290,90,0
72947,1430,90,0
72948,170,0,0
72949,3700,260,40
72950,120,0,0
72951,410,30,0
72952,940,80,0
72955,180,0,0
72956,13160,1000,180
72958,2640,110,0
72959,1020,80,0
